$GPRMC,140124.00,V,,,,,,,070818,,,N*79
$GPVTG,,,,,,,,,N*30
$GPGGA,140124.00,,,,,0,00,99.99,,,,,,*64
$GPGSA,A,1,,,,,,,,,,,,,99.99,99.99,99.99*30
$GPGSV,4,1,15,01,37,075,27,02,,,28,06,03,183,30,07,26,144,35*4A
$GPGSV,4,2,15,11,35,057,30,13,35,267,29,15,15,303,21,17,65,228,38*75
$GPGSV,4,3,15,18,23,051,29,19,34,224,38,28,67,024,30,30,57,150,35*70
$GPGSV,4,4,15,46,38,215,34,48,36,220,32,51,44,183,32*42
$GPGLL,,,,,140124.00,V,N*48
$GPVTG,,,,,,,,,N*30
$GPGGA,140125.00,,,,,0,00,99.99,,,,,,*65
$GLGSA,A,1,,,,,,,,,,,,,99.99,99.99,99.99*30
$GLGSV,4,1,14,01,37,075,28,06,03,183,30,07,26,144,35,11,35,057,30*7B
$GLGSV,4,2,14,13,35,267,29,15,15,303,19,17,65,228,38,18,23,051,29*7F
$GLGSV,4,3,14,19,34,224,38,28,67,024,30,30,57,150,35,46,38,215,34*7E
$GLGSV,4,4,14,48,36,220,33,51,44,183,32*7A
$GPGLL,,,,,140125.00,V,N*49
$GPVTG,,,,,,,,,N*30
$GPGGA,140126.00,,,,,0,00,99.99,,,,,,*66
$GNGSA,A,1,,,,,,,,,,,,,99.99,99.99,99.99*30
$GNGSV,4,1,14,01,37,075,27,06,03,183,30,07,26,144,35,11,35,057,30*74
$GNGSV,4,2,14,13,35,267,29,15,15,303,19,17,65,228,39,18,23,051,28*7F
$GNGSV,4,3,14,19,34,224,38,28,67,024,30,30,57,150,36,46,38,215,34*7D
$GNGSV,4,4,14,48,36,220,33,51,44,183,32*7A
$GNGLL,,,,,140126.00,V,N*4A
$GPVTG,,,,,,,,,N*30
$GPGGA,140127.00,,,,,0,00,99.99,,,,,,*67
$LCGSA,A,1,,,,,,,,,,,,,99.99,99.99,99.99*30
$LCGSV,4,1,14,01,37,075,27,06,03,183,30,07,26,144,34,11,35,057,30*75
$LCGSV,4,2,14,13,35,267,29,15,15,303,19,17,65,228,39,18,23,051,28*7F
$LCGSV,4,3,14,19,34,224,38,28,67,024,30,30,57,150,36,46,38,215,34*7D
$LCGSV,4,4,14,48,36,220,34,51,44,183,33*7C
$GPGLL,,,,,140127.00,V,N*4B
$GPVTG,,,,,,,,,N*30
$GPGGA,140128.00,,,,,0,00,99.99,,,,,,*68
$XXGSA,A,1,,,,,,,,,,,,,99.99,99.99,99.99*30
$XXGSV,4,1,14,01,37,075,28,06,03,183,31,07,26,144,34,11,35,057,30*7B
$XXGSV,4,2,14,13,35,267,30,15,15,303,18,17,65,228,39,18,23,051,28*76
$XXGSV,4,3,14,19,34,224,39,28,67,024,30,30,57,150,37,46,38,215,35*7C
$XXGSV,4,4,14,48,36,220,35,51,44,183,33*7D
