$GNRMC,180229.00,V,,,,,,,200821,,,N*6A
$PUBX,00,180229.00,3948.04788,N,10510.62820,W,1703.346,NF,6527040,4615314,0.000,290.12,0.000,,99.99,99.99,99.99,0,0,0*0E
$PUBX,04,180229.00,200821,496948.99,2171,18,-21782203,376.950,21*3D
$GNRMC,180230.00,V,,,,,,,200821,,,N*62
$PUBX,00,180230.00,3948.04788,N,10510.62820,W,1703.346,NF,6527043,4615317,0.000,290.12,0.000,,99.99,99.99,99.99,0,0,0*06
$PUBX,04,180230.00,200821,496949.99,2171,18,-21781826,376.950,21*3A
$GNRMC,180231.00,V,,,,,,,200821,,,N*63
$PUBX,00,180231.00,3948.04788,N,10510.62820,W,1703.346,NF,6527047,4615319,0.000,290.12,0.000,,99.99,99.99,99.99,0,0,0*0D
$PUBX,04,180231.00,200821,496950.99,2171,18,-21781450,376.950,21*3E
$GNRMC,180232.00,V,,,,,,,200821,,,N*60
$PUBX,00,180232.00,3948.04788,N,10510.62820,W,1703.346,NF,6527050,4615321,0.000,290.12,0.000,,99.99,99.99,99.99,0,0,0*03
$PUBX,04,180232.00,200821,496951.99,2171,18,-21781073,376.950,21*39
$GNRMC,180233.00,V,,,,,,,200821,,,N*61
$PUBX,00,180233.00,3948.04788,N,10510.62820,W,1703.346,NF,6527054,4615324,0.000,290.12,0.000,,99.99,99.99,99.99,0,0,0*03
$PUBX,04,180233.00,200821,496952.99,2171,18,-21780696,376.950,21*37
$GNRMC,180234.00,V,,,,,,,200821,,,N*66
$PUBX,00,180234.00,3948.04788,N,10510.62820,W,1703.346,NF,6527057,4615326,0.000,290.12,0.000,,99.99,99.99,99.99,0,0,0*05
$PUBX,04,180234.00,200821,496953.99,2171,18,-21780319,376.950,21*33
$GNRMC,180235.00,V,,,,,,,200821,,,N*67
$PUBX,00,180235.00,3948.04788,N,10510.62820,W,1703.346,NF,6527061,4615329,0.000,290.12,0.000,,99.99,99.99,99.99,0,0,0*0E
$PUBX,04,180235.00,200821,496954.99,2171,18,-21779942,376.950,21*37
$GNRMC,180236.00,V,,,,,,,200821,,,N*64
$PUBX,00,180236.00,3948.04788,N,10510.62820,W,1703.346,NF,6527064,4615331,0.000,290.12,0.000,,99.99,99.99,99.99,0,0,0*01
$PUBX,04,180236.00,200821,496955.99,2171,18,-21779565,376.950,21*3C
$GNRMC,180237.00,V,,,,,,,200821,,,N*65
$PUBX,00,180237.00,3948.04788,N,10510.62820,W,1703.346,NF,6527067,4615334,0.000,290.12,0.000,,99.99,99.99,99.99,0,0,0*06
$PUBX,04,180237.00,200821,496956.99,2171,18,-21779188,376.950,21*39
$GNRMC,180238.00,V,,,,,,,200821,,,N*6A
$PUBX,00,180238.00,3948.04788,N,10510.62820,W,1703.346,NF,6527071,4615336,0.000,290.12,0.000,,99.99,99.99,99.99,0,0,0*0C
$PUBX,04,180238.00,200821,496957.99,2171,18,-21778811,376.950,21*3F
$GNRMC,180239.00,V,,,,,,,200821,,,N*6B
$PUBX,00,180239.00,3948.04788,N,10510.62820,W,1703.346,NF,6527074,4615338,0.000,290.12,0.000,,99.99,99.99,99.99,0,0,0*06
$PUBX,04,180239.00,200821,496958.99,2171,18,-21778434,376.950,21*3A
$GNRMC,180240.00,V,,,,,,,200821,,,N*65
$PUBX,00,180240.00,3948.04788,N,10510.62820,W,1703.346,NF,6527077,4615341,0.000,290.12,0.000,,99.99,99.99,99.99,0,0,0*05
$PUBX,04,180240.00,200821,496959.99,2171,18,-21778057,376.950,21*34
$GNRMC,180241.00,V,,,,,,,200821,,,N*64
$PUBX,00,180241.00,3948.04788,N,10510.62820,W,1703.346,NF,6527081,4615343,0.000,290.12,0.000,,99.99,99.99,99.99,0,0,0*0F
$PUBX,04,180241.00,200821,496960.99,2171,18,-21777680,376.950,21*3C
$GNRMC,180242.00,V,,,,,,,200821,,,N*67
$PUBX,00,180242.00,3948.04788,N,10510.62820,W,1703.346,NF,6527085,4615346,0.000,290.12,0.000,,99.99,99.99,99.99,0,0,0*0D
$PUBX,04,180242.00,200821,496961.99,2171,18,-21777303,376.950,21*30
$GNRMC,180243.00,V,,,,,,,200821,,,N*66
$PUBX,00,180243.00,3948.04788,N,10510.62820,W,1703.346,NF,6527088,4615348,0.000,290.12,0.000,,99.99,99.99,99.99,0,0,0*0F
$PUBX,04,180243.00,200821,496962.99,2171,18,-21776926,376.950,21*3E
$GNRMC,180244.00,V,,,,,,,200821,,,N*61
$PUBX,00,180244.00,3948.04788,N,10510.62820,W,1703.346,NF,6527091,4615350,0.000,290.12,0.000,,99.99,99.99,99.99,0,0,0*09
$PUBX,04,180244.00,200821,496963.99,2171,18,-21776549,376.950,21*3D
$GNRMC,180245.00,V,,,,,,,200821,,,N*60
$PUBX,00,180245.00,3948.04788,N,10510.62820,W,1703.346,NF,6527095,4615353,0.000,290.12,0.000,,99.99,99.99,99.99,0,0,0*0F
$PUBX,04,180245.00,200821,496964.99,2171,18,-21776172,376.950,21*37
$GNRMC,180246.00,V,,,,,,,200821,,,N*63
$PUBX,00,180246.00,3948.04788,N,10510.62820,W,1703.346,NF,6527098,4615356,0.000,290.12,0.000,,99.99,99.99,99.99,0,0,0*04
$PUBX,04,180246.00,200821,496965.99,2171,18,-21775795,376.950,21*39
$GNRMC,180247.00,V,,,,,,,200821,,,N*62
$PUBX,00,180247.00,3948.04788,N,10510.62820,W,1703.346,NF,6527102,4615358,0.000,290.12,0.000,,99.99,99.99,99.99,0,0,0*09
$PUBX,04,180247.00,200821,496966.99,2171,18,-21775418,376.950,21*3D
$GNRMC,180248.00,V,,,,,,,200821,,,N*6D
$PUBX,00,180248.00,3948.04788,N,10510.62820,W,1703.346,NF,6527105,4615360,0.000,290.12,0.000,,99.99,99.99,99.99,0,0,0*0A
$PUBX,04,180248.00,200821,496967.99,2171,18,-21775041,376.950,21*3B
$GNRMC,180249.00,V,,,,,,,200821,,,N*6C
$PUBX,00,180249.00,3948.04788,N,10510.62820,W,1703.346,NF,6527108,4615363,0.000,290.12,0.000,,99.99,99.99,99.99,0,0,0*05
$PUBX,04,180249.00,200821,496968.99,2171,18,-21774664,376.950,21*35
$GNRMC,180250.00,V,,,,,,,200821,,,N*64
$PUBX,00,180250.00,3948.04788,N,10510.62820,W,1703.346,NF,6527112,4615365,0.000,290.12,0.000,,99.99,99.99,99.99,0,0,0*00
$PUBX,04,180250.00,200821,496969.99,2171,18,-21774288,376.950,21*3A
$GNRMC,180251.00,V,,,,,,,200821,,,N*65
$PUBX,00,180251.00,3948.04788,N,10510.62820,W,1703.346,NF,6527115,4615368,0.000,290.12,0.000,,99.99,99.99,99.99,0,0,0*0B
$PUBX,04,180251.00,200821,496970.99,2171,18,-21773911,376.950,21*3F
$GNRMC,180252.00,V,,,,,,,200821,,,N*66
$PUBX,00,180252.00,3948.04788,N,10510.62820,W,1703.346,NF,6527119,4615370,0.000,290.12,0.000,,99.99,99.99,99.99,0,0,0*0D
$PUBX,04,180252.00,200821,496971.99,2171,18,-21773534,376.950,21*36
$GNRMC,180253.00,V,,,,,,,200821,,,N*67
$PUBX,00,180253.00,3948.04788,N,10510.62820,W,1703.346,NF,6527122,4615372,0.000,290.12,0.000,,99.99,99.99,99.99,0,0,0*06
$PUBX,04,180253.00,200821,496972.99,2171,18,-21773157,376.950,21*35
$GNRMC,180254.00,V,,,,,,,200821,,,N*60
$PUBX,00,180254.00,3948.04788,N,10510.62820,W,1703.346,NF,6527126,4615375,0.000,290.12,0.000,,99.99,99.99,99.99,0,0,0*02
$PUBX,04,180254.00,200821,496973.99,2171,18,-21772780,376.950,21*3E
$GNRMC,180255.00,V,,,,,,,200821,,,N*61
$PUBX,00,180255.00,3948.04788,N,10510.62820,W,1703.346,NF,6527129,4615377,0.000,290.12,0.000,,99.99,99.99,99.99,0,0,0*0E
$PUBX,04,180255.00,200821,496974.99,2171,18,-21772403,376.950,21*30
$GNRMC,180256.00,V,,,,,,,200821,,,N*62
$PUBX,00,180256.00,3948.04788,N,10510.62820,W,1703.346,NF,6527132,4615380,0.000,290.12,0.000,,99.99,99.99,99.99,0,0,0*0F
$PUBX,04,180256.00,200821,496975.99,2171,18,-21772026,376.950,21*31
$GNRMC,180257.00,V,,,,,,,200821,,,N*63
$PUBX,00,180257.00,3948.04788,N,10510.62820,W,1703.346,NF,6527136,4615382,0.000,290.12,0.000,,99.99,99.99,99.99,0,0,0*08
$PUBX,04,180257.00,200821,496976.99,2171,18,-21771649,376.950,21*3F
$GNRMC,180258.00,V,,,,,,,200821,,,N*6C
$PUBX,00,180258.00,3948.04788,N,10510.62820,W,1703.346,NF,6527139,4615384,0.000,290.12,0.000,,99.99,99.99,99.99,0,0,0*0E
$PUBX,04,180258.00,200821,496977.99,2171,18,-21771272,376.950,21*3D
$GNRMC,180259.00,V,,,,,,,200821,,,N*6D
$PUBX,00,180259.00,3948.04788,N,10510.62820,W,1703.346,NF,6527142,4615387,0.000,290.12,0.000,,99.99,99.99,99.99,0,0,0*00
$PUBX,04,180259.00,200821,496978.99,2171,18,-21770895,376.950,21*31
$GNRMC,180300.00,V,,,,,,,200821,,,N*60
$PUBX,00,180300.00,3948.04788,N,10510.62820,W,1703.346,NF,6527146,4615389,0.000,290.12,0.000,,99.99,99.99,99.99,0,0,0*07
$PUBX,04,180300.00,200821,496979.99,2171,18,-21770518,376.950,21*35
$GNRMC,180301.00,V,,,,,,,200821,,,N*61
$PUBX,00,180301.00,3948.04788,N,10510.62820,W,1703.346,NF,6527149,4615392,0.000,290.12,0.000,,99.99,99.99,99.99,0,0,0*03
$PUBX,04,180301.00,200821,496980.99,2171,18,-21770141,376.950,21*3A
$GNRMC,180302.00,V,,,,,,,200821,,,N*62
$PUBX,00,180302.00,3948.04788,N,10510.62820,W,1703.346,NF,6527153,4615394,0.000,290.12,0.000,,99.99,99.99,99.99,0,0,0*0D
$PUBX,04,180302.00,200821,496981.99,2171,18,-21769764,376.950,21*31
$GNRMC,180303.00,V,,,,,,,200821,,,N*63
$PUBX,00,180303.00,3948.04788,N,10510.62820,W,1703.346,NF,6527156,4615396,0.000,290.12,0.000,,99.99,99.99,99.99,0,0,0*0B
$PUBX,04,180303.00,200821,496982.99,2171,18,-21769387,376.950,21*3A
$GNRMC,180304.00,V,,,,,,,200821,,,N*64
$PUBX,00,180304.00,3948.04788,N,10510.62820,W,1703.346,NF,6527160,4615399,0.000,290.12,0.000,,99.99,99.99,99.99,0,0,0*06
$PUBX,04,180304.00,200821,496983.99,2171,18,-21769010,376.950,21*31
$GNRMC,180305.00,V,,,,,,,200821,,,N*65
$PUBX,00,180305.00,3948.04788,N,10510.62820,W,1703.346,NF,6527163,4615401,0.000,290.12,0.000,,99.99,99.99,99.99,0,0,0*02
$PUBX,04,180305.00,200821,496984.99,2171,18,-21768633,376.950,21*31
$GNRMC,180306.00,V,,,,,,,200821,,,N*66
$PUBX,00,180306.00,3948.04788,N,10510.62820,W,1703.346,NF,6527167,4615404,0.000,290.12,0.000,,99.99,99.99,99.99,0,0,0*00
$PUBX,04,180306.00,200821,496985.99,2171,18,-21768256,376.950,21*34
$GNRMC,180307.00,V,,,,,,,200821,,,N*67
$PUBX,00,180307.00,3948.04788,N,10510.62820,W,1703.346,NF,6527170,4615406,0.000,290.12,0.000,,99.99,99.99,99.99,0,0,0*05
$PUBX,04,180307.00,200821,496986.99,2171,18,-21767879,376.950,21*3E
$GNRMC,180308.00,V,,,,,,,200821,,,N*68
$PUBX,00,180308.00,3948.04788,N,10510.62820,W,1703.346,NF,6527173,4615409,0.000,290.12,0.000,,99.99,99.99,99.99,0,0,0*06
$PUBX,04,180308.00,200821,496987.99,2171,18,-21767502,376.950,21*31
$GNRMC,180309.00,V,,,,,,,200821,,,N*69
$PUBX,00,180309.00,3948.04788,N,10510.62820,W,1703.346,NF,6527177,4615411,0.000,290.12,0.000,,99.99,99.99,99.99,0,0,0*0A
$PUBX,04,180309.00,200821,496988.99,2171,18,-21767125,376.950,21*3E
$GNRMC,180310.00,V,,,,,,,200821,,,N*61
$PUBX,00,180310.00,3948.04788,N,10510.62820,W,1703.346,NF,6527180,4615414,0.000,290.12,0.000,,99.99,99.99,99.99,0,0,0*0F
$PUBX,04,180310.00,200821,496989.99,2171,18,-21766749,376.950,21*3A
$GNRMC,180311.00,V,,,,,,,200821,,,N*60
$PUBX,00,180311.00,3948.04788,N,10510.62820,W,1703.346,NF,6527183,4615416,0.000,290.12,0.000,,99.99,99.99,99.99,0,0,0*0F
$PUBX,04,180311.00,200821,496990.99,2171,18,-21766372,376.950,21*3F
$GNRMC,180312.00,V,,,,,,,200821,,,N*63
$PUBX,00,180312.00,3948.04788,N,10510.62820,W,1703.346,NF,6527187,4615418,0.000,290.12,0.000,,99.99,99.99,99.99,0,0,0*06
$PUBX,04,180312.00,200821,496991.99,2171,18,-21765995,376.950,21*3D
$GNRMC,180313.00,V,,,,,,,200821,,,N*62
$PUBX,00,180313.00,3948.04788,N,10510.62820,W,1703.346,NF,6527191,4615421,0.000,290.12,0.000,,99.99,99.99,99.99,0,0,0*0A
$PUBX,04,180313.00,200821,496992.99,2171,18,-21765618,376.950,21*35
$GNRMC,180314.00,V,,,,,,,200821,,,N*65
$PUBX,00,180314.00,3948.04788,N,10510.62820,W,1703.346,NF,6527194,4615424,0.000,290.12,0.000,,99.99,99.99,99.99,0,0,0*0D
$PUBX,04,180314.00,200821,496993.99,2171,18,-21765241,376.950,21*3B
$GNRMC,180315.00,V,,,,,,,200821,,,N*64
$PUBX,00,180315.00,3948.04788,N,10510.62820,W,1703.346,NF,6527198,4615426,0.000,290.12,0.000,,99.99,99.99,99.99,0,0,0*02
$PUBX,04,180315.00,200821,496994.99,2171,18,-21764864,376.950,21*31
$GNRMC,180316.00,V,,,,,,,200821,,,N*67
$PUBX,00,180316.00,3948.04788,N,10510.62820,W,1703.346,NF,6527201,4615428,0.000,290.12,0.000,,99.99,99.99,99.99,0,0,0*0C
$PUBX,04,180316.00,200821,496995.99,2171,18,-21764487,376.950,21*32
$GNRMC,180317.00,V,,,,,,,200821,,,N*66
$PUBX,00,180317.00,3948.04788,N,10510.62820,W,1703.346,NF,6527204,4615430,0.000,290.12,0.000,,99.99,99.99,99.99,0,0,0*01
$PUBX,04,180317.00,200821,496996.99,2171,18,-21764110,376.950,21*3B
$GNRMC,180318.00,V,,,,,,,200821,,,N*69
$PUBX,00,180318.00,3948.04788,N,10510.62820,W,1703.346,NF,6527208,4615433,0.000,290.12,0.000,,99.99,99.99,99.99,0,0,0*01
$PUBX,04,180318.00,200821,496997.99,2171,18,-21763733,376.950,21*35
$GNRMC,180319.00,V,,,,,,,200821,,,N*68
$PUBX,00,180319.00,3948.04788,N,10510.62820,W,1703.346,NF,6527211,4615435,0.000,290.12,0.000,,99.99,99.99,99.99,0,0,0*0E
$PUBX,04,180319.00,200821,496998.99,2171,18,-21763356,376.950,21*3C
$GNRMC,180320.00,V,,,,,,,200821,,,N*62
$PUBX,00,180320.00,3948.04788,N,10510.62820,W,1703.346,NF,6527214,4615438,0.000,290.12,0.000,,99.99,99.99,99.99,0,0,0*0C
$PUBX,04,180320.00,200821,496999.99,2171,18,-21762979,376.950,21*31
$GNRMC,180321.00,V,,,,,,,200821,,,N*63
$PUBX,00,180321.00,3948.04788,N,10510.62820,W,1703.346,NF,6527218,4615440,0.000,290.12,0.000,,99.99,99.99,99.99,0,0,0*0E
$PUBX,04,180321.00,200821,497000.99,2171,18,-21762602,376.950,21*3B
$GNRMC,180322.00,V,,,,,,,200821,,,N*60
$PUBX,00,180322.00,3948.04788,N,10510.62820,W,1703.346,NF,6527221,4615443,0.000,290.12,0.000,,99.99,99.99,99.99,0,0,0*04
$PUBX,04,180322.00,200821,497001.99,2171,18,-21762225,376.950,21*38
$GNRMC,180323.00,V,,,,,,,200821,,,N*61
$PUBX,00,180323.00,3948.04788,N,10510.62820,W,1703.346,NF,6527225,4615445,0.000,290.12,0.000,,99.99,99.99,99.99,0,0,0*07
$PUBX,04,180323.00,200821,497002.99,2171,18,-21761848,376.950,21*38
$GNRMC,180324.00,V,,,,,,,200821,,,N*66
$PUBX,00,180324.00,3948.04788,N,10510.62820,W,1703.346,NF,6527228,4615447,0.000,290.12,0.000,,99.99,99.99,99.99,0,0,0*0F
$PUBX,04,180324.00,200821,497003.99,2171,18,-21761471,376.950,21*38
$GNRMC,180325.00,V,,,,,,,200821,,,N*67
$PUBX,00,180325.00,3948.04788,N,10510.62820,W,1703.346,NF,6527232,4615450,0.000,290.12,0.000,,99.99,99.99,99.99,0,0,0*03
$PUBX,04,180325.00,200821,497004.99,2171,18,-21761094,376.950,21*31
$GNRMC,180326.00,V,,,,,,,200821,,,N*64
$PUBX,00,180326.00,3948.04788,N,10510.62820,W,1703.346,NF,6527235,4615452,0.000,290.12,0.000,,99.99,99.99,99.99,0,0,0*05
$PUBX,04,180326.00,200821,497005.99,2171,18,-21760717,376.950,21*3E
$GNRMC,180327.00,V,,,,,,,200821,,,N*65
$PUBX,00,180327.00,3948.04788,N,10510.62820,W,1703.346,NF,6527239,4615455,0.000,290.12,0.000,,99.99,99.99,99.99,0,0,0*0F
$PUBX,04,180327.00,200821,497006.99,2171,18,-21760340,376.950,21*3A
$GNRMC,180328.00,V,,,,,,,200821,,,N*6A
$PUBX,00,180328.00,3948.04788,N,10510.62820,W,1703.346,NF,6527242,4615457,0.000,290.12,0.000,,99.99,99.99,99.99,0,0,0*0E
$PUBX,04,180328.00,200821,497007.99,2171,18,-21759963,376.950,21*35
$GNRMC,180329.00,V,,,,,,,200821,,,N*6B
$PUBX,00,180329.00,3948.04788,N,10510.62820,W,1703.346,NF,6527245,4615459,0.000,290.12,0.000,,99.99,99.99,99.99,0,0,0*06
$PUBX,04,180329.00,200821,497008.99,2171,18,-21759586,376.950,21*3C
$GNRMC,180330.00,V,,,,,,,200821,,,N*63
$PUBX,00,180330.00,3948.04788,N,10510.62820,W,1703.346,NF,6527249,4615462,0.000,290.12,0.000,,99.99,99.99,99.99,0,0,0*0A
$PUBX,04,180330.00,200821,497009.99,2171,18,-21759210,376.950,21*3D
$GNRMC,180331.00,V,,,,,,,200821,,,N*62
$PUBX,00,180331.00,3948.04788,N,10510.62820,W,1703.346,NF,6527252,4615464,0.000,290.12,0.000,,99.99,99.99,99.99,0,0,0*07
$PUBX,04,180331.00,200821,497010.99,2171,18,-21758833,376.950,21*3E
$GNRMC,180332.00,V,,,,,,,200821,,,N*61
$PUBX,00,180332.00,3948.04788,N,10510.62820,W,1703.346,NF,6527256,4615467,0.000,290.12,0.000,,99.99,99.99,99.99,0,0,0*03
$PUBX,04,180332.00,200821,497011.99,2171,18,-21758456,376.950,21*33
$GNRMC,180333.00,V,,,,,,,200821,,,N*60
$PUBX,00,180333.00,3948.04788,N,10510.62820,W,1703.346,NF,6527259,4615469,0.000,290.12,0.000,,99.99,99.99,99.99,0,0,0*03
$PUBX,04,180333.00,200821,497012.99,2171,18,-21758079,376.950,21*38
$GNRMC,180334.00,V,,,,,,,200821,,,N*67
$PUBX,00,180334.00,3948.04788,N,10510.62820,W,1703.346,NF,6527263,4615472,0.000,290.12,0.000,,99.99,99.99,99.99,0,0,0*07
$PUBX,04,180334.00,200821,497013.99,2171,18,-21757702,376.950,21*3A
$GNRMC,180335.00,V,,,,,,,200821,,,N*66
$PUBX,00,180335.00,3948.04788,N,10510.62820,W,1703.346,NF,6527266,4615474,0.000,290.12,0.000,,99.99,99.99,99.99,0,0,0*05
$PUBX,04,180335.00,200821,497014.99,2171,18,-21757325,376.950,21*3D
$GNRMC,180336.00,V,,,,,,,200821,,,N*65
$PUBX,00,180336.00,3948.04788,N,10510.62820,W,1703.346,NF,6527270,4615476,0.000,290.12,0.000,,99.99,99.99,99.99,0,0,0*03
$PUBX,04,180336.00,200821,497015.99,2171,18,-21756948,376.950,21*3F
$GNRMC,180337.00,V,,,,,,,200821,,,N*64
$PUBX,00,180337.00,3948.04788,N,10510.62820,W,1703.346,NF,6527273,4615479,0.000,290.12,0.000,,99.99,99.99,99.99,0,0,0*0E
$PUBX,04,180337.00,200821,497016.99,2171,18,-21756571,376.950,21*3B
$GNRMC,180338.00,V,,,,,,,200821,,,N*6B
$PUBX,00,180338.00,3948.04788,N,10510.62820,W,1703.346,NF,6527276,4615481,0.000,290.12,0.000,,99.99,99.99,99.99,0,0,0*03
$PUBX,04,180338.00,200821,497017.99,2171,18,-21756194,376.950,21*3A
$GNRMC,180339.00,V,,,,,,,200821,,,N*6A
$PUBX,00,180339.00,3948.04788,N,10510.62820,W,1703.346,NF,6527279,4615484,0.000,290.12,0.000,,99.99,99.99,99.99,0,0,0*08
$PUBX,04,180339.00,200821,497018.99,2171,18,-21755817,376.950,21*35
$GNRMC,180340.00,V,,,,,,,200821,,,N*64
$PUBX,00,180340.00,3948.04788,N,10510.62820,W,1703.346,NF,6527283,4615486,0.000,290.12,0.000,,99.99,99.99,99.99,0,0,0*01
$PUBX,04,180340.00,200821,497019.99,2171,18,-21755440,376.950,21*34
$GNRMC,180341.00,V,,,,,,,200821,,,N*65
$PUBX,00,180341.00,3948.04788,N,10510.62820,W,1703.346,NF,6527286,4615489,0.000,290.12,0.000,,99.99,99.99,99.99,0,0,0*0A
$PUBX,04,180341.00,200821,497020.99,2171,18,-21755063,376.950,21*3A
$GNRMC,180342.00,V,,,,,,,200821,,,N*66
$PUBX,00,180342.00,3948.04788,N,10510.62820,W,1703.346,NF,6527290,4615491,0.000,290.12,0.000,,99.99,99.99,99.99,0,0,0*07
$PUBX,04,180342.00,200821,497021.99,2171,18,-21754686,376.950,21*34
$GNRMC,180343.00,V,,,,,,,200821,,,N*67
$PUBX,00,180343.00,3948.04788,N,10510.62820,W,1703.346,NF,6527293,4615493,0.000,290.12,0.000,,99.99,99.99,99.99,0,0,0*07
$PUBX,04,180343.00,200821,497022.99,2171,18,-21754309,376.950,21*34
$GNRMC,180344.00,V,,,,,,,200821,,,N*60
$PUBX,00,180344.00,3948.04788,N,10510.62820,W,1703.346,NF,6527297,4615496,0.000,290.12,0.000,,99.99,99.99,99.99,0,0,0*01
$PUBX,04,180344.00,200821,497023.99,2171,18,-21753932,376.950,21*37
$GNRMC,180345.00,V,,,,,,,200821,,,N*61
$PUBX,00,180345.00,3948.04788,N,10510.62820,W,1703.346,NF,6527300,4615498,0.000,290.12,0.000,,99.99,99.99,99.99,0,0,0*01
$PUBX,04,180345.00,200821,497024.99,2171,18,-21753555,376.950,21*3C
$GNRMC,180346.00,V,,,,,,,200821,,,N*62
$PUBX,00,180346.00,3948.04788,N,10510.62820,W,1703.346,NF,6527304,4615501,0.000,290.12,0.000,,99.99,99.99,99.99,0,0,0*07
$PUBX,04,180346.00,200821,497025.99,2171,18,-21753178,376.950,21*35
$GNRMC,180347.00,V,,,,,,,200821,,,N*63
$PUBX,00,180347.00,3948.04788,N,10510.62820,W,1703.346,NF,6527307,4615503,0.000,290.12,0.000,,99.99,99.99,99.99,0,0,0*07
$PUBX,04,180347.00,200821,497026.99,2171,18,-21752801,376.950,21*31
$GNRMC,180348.00,V,,,,,,,200821,,,N*6C
$PUBX,00,180348.00,3948.04788,N,10510.62820,W,1703.346,NF,6527311,4615506,0.000,290.12,0.000,,99.99,99.99,99.99,0,0,0*0A
$PUBX,04,180348.00,200821,497027.99,2171,18,-21752424,376.950,21*34
$GNRMC,180349.00,V,,,,,,,200821,,,N*6D
$PUBX,00,180349.00,3948.04788,N,10510.62820,W,1703.346,NF,6527314,4615508,0.000,290.12,0.000,,99.99,99.99,99.99,0,0,0*00
$PUBX,04,180349.00,200821,497028.99,2171,18,-21752047,376.950,21*3B
$GNRMC,180350.00,V,,,,,,,200821,,,N*65
$PUBX,00,180350.00,3948.04788,N,10510.62820,W,1703.346,NF,6527318,4615511,0.000,290.12,0.000,,99.99,99.99,99.99,0,0,0*0C
$PUBX,04,180350.00,200821,497029.99,2171,18,-21751671,376.950,21*32
$GNRMC,180351.00,V,,,,,,,200821,,,N*64
$PUBX,00,180351.00,3948.04788,N,10510.62820,W,1703.346,NF,6527321,4615513,0.000,290.12,0.000,,99.99,99.99,99.99,0,0,0*05
$PUBX,04,180351.00,200821,497030.99,2171,18,-21751294,376.950,21*34
$GNRMC,180352.00,V,,,,,,,200821,,,N*67
$PUBX,00,180352.00,3948.04788,N,10510.62820,W,1703.346,NF,6527324,4615515,0.000,290.12,0.000,,99.99,99.99,99.99,0,0,0*05
$PUBX,04,180352.00,200821,497031.99,2171,18,-21750917,376.950,21*37
$GNRMC,180353.00,V,,,,,,,200821,,,N*66
$PUBX,00,180353.00,3948.04788,N,10510.62820,W,1703.346,NF,6527328,4615518,0.000,290.12,0.000,,99.99,99.99,99.99,0,0,0*05
$PUBX,04,180353.00,200821,497032.99,2171,18,-21750540,376.950,21*3B
$GNRMC,180354.00,V,,,,,,,200821,,,N*61
$PUBX,00,180354.00,3948.04788,N,10510.62820,W,1703.346,NF,6527331,4615520,0.000,290.12,0.000,,99.99,99.99,99.99,0,0,0*01
$PUBX,04,180354.00,200821,497033.99,2171,18,-21750163,376.950,21*38
$GNRMC,180355.00,V,,,,,,,200821,,,N*60
$PUBX,00,180355.00,3948.04788,N,10510.62820,W,1703.346,NF,6527334,4615523,0.000,290.12,0.000,,99.99,99.99,99.99,0,0,0*06
$PUBX,04,180355.00,200821,497034.99,2171,18,-21749786,376.950,21*3B
$GNRMC,180356.00,V,,,,,,,200821,,,N*63
$PUBX,00,180356.00,3948.04788,N,10510.62820,W,1703.346,NF,6527338,4615525,0.000,290.12,0.000,,99.99,99.99,99.99,0,0,0*0F
$PUBX,04,180356.00,200821,497035.99,2171,18,-21749409,376.950,21*3D
$GNRMC,180357.00,V,,,,,,,200821,,,N*62
$PUBX,00,180357.00,3948.04788,N,10510.62820,W,1703.346,NF,6527342,4615528,0.000,290.12,0.000,,99.99,99.99,99.99,0,0,0*0E
$PUBX,04,180357.00,200821,497036.99,2171,18,-21749032,376.950,21*33
$GNRMC,180358.00,V,,,,,,,200821,,,N*6D
$PUBX,00,180358.00,3948.04788,N,10510.62820,W,1703.346,NF,6527345,4615530,0.000,290.12,0.000,,99.99,99.99,99.99,0,0,0*0F
$PUBX,04,180358.00,200821,497037.99,2171,18,-21748655,376.950,21*3B
$GNRMC,180359.00,V,,,,,,,200821,,,N*6C
$PUBX,00,180359.00,3948.04788,N,10510.62820,W,1703.346,NF,6527348,4615532,0.000,290.12,0.000,,99.99,99.99,99.99,0,0,0*01
$PUBX,04,180359.00,200821,497038.99,2171,18,-21748278,376.950,21*3E
$GNRMC,180400.00,V,,,,,,,200821,,,N*67
$PUBX,00,180400.00,3948.04788,N,10510.62820,W,1703.346,NF,6527352,4615535,0.000,290.12,0.000,,99.99,99.99,99.99,0,0,0*06
$PUBX,04,180400.00,200821,497039.99,2171,18,-21747901,376.950,21*3E
$GNRMC,180401.00,V,,,,,,,200821,,,N*66
$PUBX,00,180401.00,3948.04788,N,10510.62820,W,1703.346,NF,6527355,4615537,0.000,290.12,0.000,,99.99,99.99,99.99,0,0,0*02
$PUBX,04,180401.00,200821,497040.99,2171,18,-21747524,376.950,21*3A
$GNRMC,180402.00,V,,,,,,,200821,,,N*65
$PUBX,00,180402.00,3948.04788,N,10510.62820,W,1703.346,NF,6527359,4615540,0.000,290.12,0.000,,99.99,99.99,99.99,0,0,0*0D
$PUBX,04,180402.00,200821,497041.99,2171,18,-21747147,376.950,21*39
$GNRMC,180403.00,V,,,,,,,200821,,,N*64
$PUBX,00,180403.00,3948.04788,N,10510.62820,W,1703.346,NF,6527362,4615542,0.000,290.12,0.000,,99.99,99.99,99.99,0,0,0*06
$PUBX,04,180403.00,200821,497042.99,2171,18,-21746770,376.950,21*38
$GNRMC,180404.00,V,,,,,,,200821,,,N*63
$PUBX,00,180404.00,3948.04788,N,10510.62820,W,1703.346,NF,6527365,4615544,0.000,290.12,0.000,,99.99,99.99,99.99,0,0,0*00
$PUBX,04,180404.00,200821,497043.99,2171,18,-21746393,376.950,21*37
$GNRMC,180405.00,V,,,,,,,200821,,,N*62
$PUBX,00,180405.00,3948.04788,N,10510.62820,W,1703.346,NF,6527369,4615547,0.000,290.12,0.000,,99.99,99.99,99.99,0,0,0*0E
$PUBX,04,180405.00,200821,497044.99,2171,18,-21746016,376.950,21*3F
$GNRMC,180406.00,V,,,,,,,200821,,,N*61
$PUBX,00,180406.00,3948.04788,N,10510.62820,W,1703.346,NF,6527372,4615549,0.000,290.12,0.000,,99.99,99.99,99.99,0,0,0*09
$PUBX,04,180406.00,200821,497045.99,2171,18,-21745639,376.950,21*35
$GNRMC,180407.00,V,,,,,,,200821,,,N*60
$PUBX,00,180407.00,3948.04788,N,10510.62820,W,1703.346,NF,6527376,4615552,0.000,290.12,0.000,,99.99,99.99,99.99,0,0,0*06
$PUBX,04,180407.00,200821,497046.99,2171,18,-21745262,376.950,21*3D
$GNRMC,180408.00,V,,,,,,,200821,,,N*6F
$PUBX,00,180408.00,3948.04788,N,10510.62820,W,1703.346,NF,6527379,4615554,0.000,290.12,0.000,,99.99,99.99,99.99,0,0,0*00
$PUBX,04,180408.00,200821,497047.99,2171,18,-21744885,376.950,21*31
$GNRMC,180409.00,V,,,,,,,200821,,,N*6E
$PUBX,00,180409.00,3948.04788,N,10510.62820,W,1703.346,NF,6527383,4615557,0.000,290.12,0.000,,99.99,99.99,99.99,0,0,0*07
$PUBX,04,180409.00,200821,497048.99,2171,18,-21744508,376.950,21*37
$GNRMC,180410.00,V,,,,,,,200821,,,N*66
$PUBX,00,180410.00,3948.04788,N,10510.62820,W,1703.346,NF,6527386,4615559,0.000,290.12,0.000,,99.99,99.99,99.99,0,0,0*04
$PUBX,04,180410.00,200821,497049.99,2171,18,-21744132,376.950,21*33
$GNRMC,180411.00,V,,,,,,,200821,,,N*67
$PUBX,00,180411.00,3948.04788,N,10510.62820,W,1703.346,NF,6527390,4615561,0.000,290.12,0.000,,99.99,99.99,99.99,0,0,0*09
$PUBX,04,180411.00,200821,497050.99,2171,18,-21743755,376.950,21*3A
$GNRMC,180412.00,V,,,,,,,200821,,,N*64
$PUBX,00,180412.00,3948.04788,N,10510.62820,W,1703.346,NF,6527393,4615564,0.000,290.12,0.000,,99.99,99.99,99.99,0,0,0*0C
$PUBX,04,180412.00,200821,497051.99,2171,18,-21743378,376.950,21*33
$GNRMC,180413.00,V,,,,,,,200821,,,N*65
$PUBX,00,180413.00,3948.04788,N,10510.62820,W,1703.346,NF,6527397,4615566,0.000,290.12,0.000,,99.99,99.99,99.99,0,0,0*0B
$PUBX,04,180413.00,200821,497052.99,2171,18,-21743001,376.950,21*3C
$GNRMC,180414.00,V,,,,,,,200821,,,N*62
$PUBX,00,180414.00,3948.04788,N,10510.62820,W,1703.346,NF,6527400,4615569,0.000,290.12,0.000,,99.99,99.99,99.99,0,0,0*0A
$PUBX,04,180414.00,200821,497053.99,2171,18,-21742624,376.950,21*3A
$GNRMC,180415.00,V,,,,,,,200821,,,N*63
$PUBX,00,180415.00,3948.04788,N,10510.62820,W,1703.346,NF,6527403,4615571,0.000,290.12,0.000,,99.99,99.99,99.99,0,0,0*01
$PUBX,04,180415.00,200821,497054.99,2171,18,-21742247,376.950,21*3D
$GNRMC,180416.00,V,,,,,,,200821,,,N*60
$PUBX,00,180416.00,3948.04788,N,10510.62820,W,1703.346,NF,6527406,4615573,0.000,290.12,0.000,,99.99,99.99,99.99,0,0,0*05
$PUBX,04,180416.00,200821,497055.99,2171,18,-21741870,376.950,21*32
$GNRMC,180417.00,V,,,,,,,200821,,,N*61
$PUBX,00,180417.00,3948.04788,N,10510.62820,W,1703.346,NF,6527410,4615576,0.000,290.12,0.000,,99.99,99.99,99.99,0,0,0*06
$PUBX,04,180417.00,200821,497056.99,2171,18,-21741493,376.950,21*31
$GNRMC,180418.00,V,,,,,,,200821,,,N*6E
$PUBX,00,180418.00,3948.04788,N,10510.62820,W,1703.346,NF,6527414,4615579,0.000,290.12,0.000,,99.99,99.99,99.99,0,0,0*02
$PUBX,04,180418.00,200821,497057.99,2171,18,-21741116,376.950,21*37
$GNRMC,180419.00,V,,,,,,,200821,,,N*6F
$PUBX,00,180419.00,3948.04788,N,10510.62820,W,1703.346,NF,6527417,4615581,0.000,290.12,0.000,,99.99,99.99,99.99,0,0,0*07
$PUBX,04,180419.00,200821,497058.99,2171,18,-21740739,376.950,21*33
$GNRMC,180420.00,V,,,,,,,200821,,,N*65
$PUBX,00,180420.00,3948.04788,N,10510.62820,W,1703.346,NF,6527421,4615583,0.000,290.12,0.000,,99.99,99.99,99.99,0,0,0*0A
$PUBX,04,180420.00,200821,497059.99,2171,18,-21740362,376.950,21*32
$GNRMC,180421.00,V,,,,,,,200821,,,N*64
$PUBX,00,180421.00,3948.04788,N,10510.62820,W,1703.346,NF,6527424,4615586,0.000,290.12,0.000,,99.99,99.99,99.99,0,0,0*0B
$PUBX,04,180421.00,200821,497060.99,2171,18,-21739985,376.950,21*34
$GNRMC,180422.00,V,,,,,,,200821,,,N*67
$PUBX,00,180422.00,3948.04788,N,10510.62820,W,1703.346,NF,6527428,4615588,0.000,290.12,0.000,,99.99,99.99,99.99,0,0,0*0A
$PUBX,04,180422.00,200821,497061.99,2171,18,-21739608,376.950,21*3C
$GNRMC,180423.00,V,,,,,,,200821,,,N*66
$PUBX,00,180423.00,3948.04788,N,10510.62820,W,1703.346,NF,6527431,4615590,0.000,290.12,0.000,,99.99,99.99,99.99,0,0,0*0A
$PUBX,04,180423.00,200821,497062.99,2171,18,-21739231,376.950,21*30
$GNRMC,180424.00,V,,,,,,,200821,,,N*61
$PUBX,00,180424.00,3948.04788,N,10510.62820,W,1703.346,NF,6527434,4615593,0.000,290.12,0.000,,99.99,99.99,99.99,0,0,0*0B
$PUBX,04,180424.00,200821,497063.99,2171,18,-21738854,376.950,21*3E
$GNRMC,180425.00,V,,,,,,,200821,,,N*60
$PUBX,00,180425.00,3948.04788,N,10510.62820,W,1703.346,NF,6527438,4615595,0.000,290.12,0.000,,99.99,99.99,99.99,0,0,0*00
$PUBX,04,180425.00,200821,497064.99,2171,18,-21738477,376.950,21*35
$GNRMC,180426.00,V,,,,,,,200821,,,N*63
$PUBX,00,180426.00,3948.04788,N,10510.62820,W,1703.346,NF,6527441,4615598,0.000,290.12,0.000,,99.99,99.99,99.99,0,0,0*00
$PUBX,04,180426.00,200821,497065.99,2171,18,-21738100,376.950,21*32
$GNRMC,180427.00,V,,,,,,,200821,,,N*62
$PUBX,00,180427.00,3948.04788,N,10510.62820,W,1703.346,NF,6527444,4615600,0.000,290.12,0.000,,99.99,99.99,99.99,0,0,0*06
$PUBX,04,180427.00,200821,497066.99,2171,18,-21737723,376.950,21*38
$GNRMC,180428.00,V,,,,,,,200821,,,N*6D
$PUBX,00,180428.00,3948.04788,N,10510.62820,W,1703.346,NF,6527448,4615603,0.000,290.12,0.000,,99.99,99.99,99.99,0,0,0*06
$PUBX,04,180428.00,200821,497067.99,2171,18,-21737346,376.950,21*31
$GNRMC,180429.00,V,,,,,,,200821,,,N*6C
$PUBX,00,180429.00,3948.04788,N,10510.62820,W,1703.346,NF,6527451,4615605,0.000,290.12,0.000,,99.99,99.99,99.99,0,0,0*09
$PUBX,04,180429.00,200821,497068.99,2171,18,-21736969,376.950,21*39
$GNRMC,180430.00,V,,,,,,,200821,,,N*64
$PUBX,00,180430.00,3948.04788,N,10510.62820,W,1703.346,NF,6527455,4615608,0.000,290.12,0.000,,99.99,99.99,99.99,0,0,0*08
$PUBX,04,180430.00,200821,497069.99,2171,18,-21736593,376.950,21*39
$GNRMC,180431.00,V,,,,,,,200821,,,N*65
$PUBX,00,180431.00,3948.04788,N,10510.62820,W,1703.346,NF,6527459,4615610,0.000,290.12,0.000,,99.99,99.99,99.99,0,0,0*0C
$PUBX,04,180431.00,200821,497070.99,2171,18,-21736216,376.950,21*3A
$GNRMC,180432.00,V,,,,,,,200821,,,N*66
$PUBX,00,180432.00,3948.04788,N,10510.62820,W,1703.346,NF,6527462,4615613,0.000,290.12,0.000,,99.99,99.99,99.99,0,0,0*04
$PUBX,04,180432.00,200821,497071.99,2171,18,-21735839,376.950,21*3C
$GNRMC,180433.00,V,,,,,,,200821,,,N*67
$PUBX,00,180433.00,3948.04788,N,10510.62820,W,1703.346,NF,6527465,4615615,0.000,290.12,0.000,,99.99,99.99,99.99,0,0,0*04
$PUBX,04,180433.00,200821,497072.99,2171,18,-21735462,376.950,21*3C
$GNRMC,180434.00,V,,,,,,,200821,,,N*60
$PUBX,00,180434.00,3948.04788,N,10510.62820,W,1703.346,NF,6527468,4615618,0.000,290.12,0.000,,99.99,99.99,99.99,0,0,0*03
$PUBX,04,180434.00,200821,497073.99,2171,18,-21735085,376.950,21*37
$GNRMC,180435.00,V,,,,,,,200821,,,N*61
$PUBX,00,180435.00,3948.04788,N,10510.62820,W,1703.346,NF,6527472,4615620,0.000,290.12,0.000,,99.99,99.99,99.99,0,0,0*02
$PUBX,04,180435.00,200821,497074.99,2171,18,-21734708,376.950,21*32
$GNRMC,180436.00,V,,,,,,,200821,,,N*62
$PUBX,00,180436.00,3948.04788,N,10510.62820,W,1703.346,NF,6527476,4615622,0.000,290.12,0.000,,99.99,99.99,99.99,0,0,0*07
$PUBX,04,180436.00,200821,497075.99,2171,18,-21734331,376.950,21*3E
$GNRMC,180437.00,V,,,,,,,200821,,,N*63
$PUBX,00,180437.00,3948.04788,N,10510.62820,W,1703.346,NF,6527479,4615625,0.000,290.12,0.000,,99.99,99.99,99.99,0,0,0*0E
$PUBX,04,180437.00,200821,497076.99,2171,18,-21733954,376.950,21*32
$GNRMC,180438.00,V,,,,,,,200821,,,N*6C
$PUBX,00,180438.00,3948.04788,N,10510.62820,W,1703.346,NF,6527483,4615627,0.000,290.12,0.000,,99.99,99.99,99.99,0,0,0*06
$PUBX,04,180438.00,200821,497077.99,2171,18,-21733577,376.950,21*31
$GNRMC,180439.00,V,,,,,,,200821,,,N*6D
$PUBX,00,180439.00,3948.04788,N,10510.62820,W,1703.346,NF,6527486,4615630,0.000,290.12,0.000,,99.99,99.99,99.99,0,0,0*04
$PUBX,04,180439.00,200821,497078.99,2171,18,-21733200,376.950,21*38
$GNRMC,180440.00,V,,,,,,,200821,,,N*63
$PUBX,00,180440.00,3948.04788,N,10510.62820,W,1703.346,NF,6527489,4615632,0.000,290.12,0.000,,99.99,99.99,99.99,0,0,0*07
$PUBX,04,180440.00,200821,497079.99,2171,18,-21732823,376.950,21*3D
$GNRMC,180441.00,V,,,,,,,200821,,,N*62
$PUBX,00,180441.00,3948.04788,N,10510.62820,W,1703.346,NF,6527493,4615635,0.000,290.12,0.000,,99.99,99.99,99.99,0,0,0*0A
$PUBX,04,180441.00,200821,497080.99,2171,18,-21732446,376.950,21*35
$GNRMC,180442.00,V,,,,,,,200821,,,N*61
$PUBX,00,180442.00,3948.04788,N,10510.62820,W,1703.346,NF,6527496,4615637,0.000,290.12,0.000,,99.99,99.99,99.99,0,0,0*0E
$PUBX,04,180442.00,200821,497081.99,2171,18,-21732069,376.950,21*3E
$GNRMC,180443.00,V,,,,,,,200821,,,N*60
$PUBX,00,180443.00,3948.04788,N,10510.62820,W,1703.346,NF,6527500,4615639,0.000,290.12,0.000,,99.99,99.99,99.99,0,0,0*0F
$PUBX,04,180443.00,200821,497082.99,2171,18,-21731692,376.950,21*3D
$GNRMC,180444.00,V,,,,,,,200821,,,N*67
$PUBX,00,180444.00,3948.04788,N,10510.62820,W,1703.346,NF,6527503,4615642,0.000,290.12,0.000,,99.99,99.99,99.99,0,0,0*07
$PUBX,04,180444.00,200821,497083.99,2171,18,-21731315,376.950,21*31
$GNRMC,180445.00,V,,,,,,,200821,,,N*66
$PUBX,00,180445.00,3948.04788,N,10510.62820,W,1703.346,NF,6527507,4615644,0.000,290.12,0.000,,99.99,99.99,99.99,0,0,0*04
$PUBX,04,180445.00,200821,497084.99,2171,18,-21730938,376.950,21*33
$GNRMC,180446.00,V,,,,,,,200821,,,N*65
$PUBX,00,180446.00,3948.04788,N,10510.62820,W,1703.346,NF,6527510,4615647,0.000,290.12,0.000,,99.99,99.99,99.99,0,0,0*02
$PUBX,04,180446.00,200821,497085.99,2171,18,-21730561,376.950,21*31
$GNRMC,180447.00,V,,,,,,,200821,,,N*64
$PUBX,00,180447.00,3948.04788,N,10510.62820,W,1703.346,NF,6527513,4615649,0.000,290.12,0.000,,99.99,99.99,99.99,0,0,0*0E
$PUBX,04,180447.00,200821,497086.99,2171,18,-21730184,376.950,21*3C
$GNRMC,180448.00,V,,,,,,,200821,,,N*6B
$PUBX,00,180448.00,3948.04788,N,10510.62820,W,1703.346,NF,6527517,4615652,0.000,290.12,0.000,,99.99,99.99,99.99,0,0,0*0F
$PUBX,04,180448.00,200821,497087.99,2171,18,-21729807,376.950,21*38
$GNRMC,180449.00,V,,,,,,,200821,,,N*6A
$PUBX,00,180449.00,3948.04788,N,10510.62820,W,1703.346,NF,6527520,4615654,0.000,290.12,0.000,,99.99,99.99,99.99,0,0,0*0C
$PUBX,04,180449.00,200821,497088.99,2171,18,-21729430,376.950,21*3E
$GNRMC,180450.00,V,,,,,,,200821,,,N*62
$PUBX,00,180450.00,3948.04788,N,10510.62820,W,1703.346,NF,6527524,4615656,0.000,290.12,0.000,,99.99,99.99,99.99,0,0,0*02
$PUBX,04,180450.00,200821,497089.99,2171,18,-21729054,376.950,21*31
$GNRMC,180451.00,V,,,,,,,200821,,,N*63
$PUBX,00,180451.00,3948.04788,N,10510.62820,W,1703.346,NF,6527527,4615659,0.000,290.12,0.000,,99.99,99.99,99.99,0,0,0*0F
$PUBX,04,180451.00,200821,497090.99,2171,18,-21728677,376.950,21*3E
$GNRMC,180452.00,V,,,,,,,200821,,,N*60
$PUBX,00,180452.00,3948.04788,N,10510.62820,W,1703.346,NF,6527530,4615661,0.000,290.12,0.000,,99.99,99.99,99.99,0,0,0*01
$PUBX,04,180452.00,200821,497091.99,2171,18,-21728300,376.950,21*39
$GNRMC,180453.00,V,,,,,,,200821,,,N*61
$PUBX,00,180453.00,3948.04788,N,10510.62820,W,1703.346,NF,6527534,4615664,0.000,290.12,0.000,,99.99,99.99,99.99,0,0,0*01
$PUBX,04,180453.00,200821,497092.99,2171,18,-21727923,376.950,21*3F
$GNRMC,180454.00,V,,,,,,,200821,,,N*66
$PUBX,00,180454.00,3948.04788,N,10510.62820,W,1703.346,NF,6527538,4615666,0.000,290.12,0.000,,99.99,99.99,99.99,0,0,0*08
$PUBX,04,180454.00,200821,497093.99,2171,18,-21727546,376.950,21*36
$GNRMC,180455.00,V,,,,,,,200821,,,N*67
$PUBX,00,180455.00,3948.04788,N,10510.62820,W,1703.346,NF,6527541,4615669,0.000,290.12,0.000,,99.99,99.99,99.99,0,0,0*08
$PUBX,04,180455.00,200821,497094.99,2171,18,-21727169,376.950,21*39
$GNRMC,180456.00,V,,,,,,,200821,,,N*64
$PUBX,00,180456.00,3948.04788,N,10510.62820,W,1703.346,NF,6527544,4615671,0.000,290.12,0.000,,99.99,99.99,99.99,0,0,0*07
$PUBX,04,180456.00,200821,497095.99,2171,18,-21726792,376.950,21*38
$GNRMC,180457.00,V,,,,,,,200821,,,N*65
$PUBX,00,180457.00,3948.04788,N,10510.62820,W,1703.346,NF,6527548,4615673,0.000,290.12,0.000,,99.99,99.99,99.99,0,0,0*08
$PUBX,04,180457.00,200821,497096.99,2171,18,-21726415,376.950,21*36
$GNRMC,180458.00,V,,,,,,,200821,,,N*6A
$PUBX,00,180458.00,3948.04788,N,10510.62820,W,1703.346,NF,6527551,4615676,0.000,290.12,0.000,,99.99,99.99,99.99,0,0,0*0A
$PUBX,04,180458.00,200821,497097.99,2171,18,-21726038,376.950,21*33
$GNRMC,180459.00,V,,,,,,,200821,,,N*6B
$PUBX,00,180459.00,3948.04788,N,10510.62820,W,1703.346,NF,6527555,4615678,0.000,290.12,0.000,,99.99,99.99,99.99,0,0,0*01
$PUBX,04,180459.00,200821,497098.99,2171,18,-21725661,376.950,21*34
$GNRMC,180500.00,V,,,,,,,200821,,,N*66
$PUBX,00,180500.00,3948.04788,N,10510.62820,W,1703.346,NF,6527558,4615681,0.000,290.12,0.000,,99.99,99.99,99.99,0,0,0*07
$PUBX,04,180500.00,200821,497099.99,2171,18,-21725284,376.950,21*37
$GNRMC,180501.00,V,,,,,,,200821,,,N*67
$PUBX,00,180501.00,3948.04788,N,10510.62820,W,1703.346,NF,6527561,4615683,0.000,290.12,0.000,,99.99,99.99,99.99,0,0,0*0E
$PUBX,04,180501.00,200821,497100.99,2171,18,-21724907,376.950,21*36
$GNRMC,180502.00,V,,,,,,,200821,,,N*64
$PUBX,00,180502.00,3948.04788,N,10510.62820,W,1703.346,NF,6527565,4615686,0.000,290.12,0.000,,99.99,99.99,99.99,0,0,0*0C
$PUBX,04,180502.00,200821,497101.99,2171,18,-21724530,376.950,21*3C
$GNRMC,180503.00,V,,,,,,,200821,,,N*65
$PUBX,00,180503.00,3948.04788,N,10510.62820,W,1703.346,NF,6527568,4615688,0.000,290.12,0.000,,99.99,99.99,99.99,0,0,0*0E
$PUBX,04,180503.00,200821,497102.99,2171,18,-21724153,376.950,21*3F
$GNRMC,180504.00,V,,,,,,,200821,,,N*62
$PUBX,00,180504.00,3948.04788,N,10510.62820,W,1703.346,NF,6527572,4615691,0.000,290.12,0.000,,99.99,99.99,99.99,0,0,0*0A
$PUBX,04,180504.00,200821,497103.99,2171,18,-21723776,376.950,21*3F
$GNRMC,180505.00,V,,,,,,,200821,,,N*63
$PUBX,00,180505.00,3948.04788,N,10510.62820,W,1703.346,NF,6527575,4615693,0.000,290.12,0.000,,99.99,99.99,99.99,0,0,0*0E
$PUBX,04,180505.00,200821,497104.99,2171,18,-21723399,376.950,21*3C
$GNRMC,180506.00,V,,,,,,,200821,,,N*60
$PUBX,00,180506.00,3948.04788,N,10510.62820,W,1703.346,NF,6527579,4615695,0.000,290.12,0.000,,99.99,99.99,99.99,0,0,0*07
$PUBX,04,180506.00,200821,497105.99,2171,18,-21723022,376.950,21*3D
$GNRMC,180507.00,V,,,,,,,200821,,,N*61
$PUBX,00,180507.00,3948.04788,N,10510.62820,W,1703.346,NF,6527583,4615698,0.000,290.12,0.000,,99.99,99.99,99.99,0,0,0*0E
$PUBX,04,180507.00,200821,497106.99,2171,18,-21722645,376.950,21*39
$GNRMC,180508.00,V,,,,,,,200821,,,N*6E
$PUBX,00,180508.00,3948.04788,N,10510.62820,W,1703.346,NF,6527586,4615700,0.000,290.12,0.000,,99.99,99.99,99.99,0,0,0*04
$PUBX,04,180508.00,200821,497107.99,2171,18,-21722268,376.950,21*3C
$GNRMC,180509.00,V,,,,,,,200821,,,N*6F
$PUBX,00,180509.00,3948.04788,N,10510.62820,W,1703.346,NF,6527590,4615703,0.000,290.12,0.000,,99.99,99.99,99.99,0,0,0*01
$PUBX,04,180509.00,200821,497108.99,2171,18,-21721892,376.950,21*3E
$GNRMC,180510.00,V,,,,,,,200821,,,N*67
$PUBX,00,180510.00,3948.04788,N,10510.62820,W,1703.346,NF,6527593,4615705,0.000,290.12,0.000,,99.99,99.99,99.99,0,0,0*0C
$PUBX,04,180510.00,200821,497109.99,2171,18,-21721515,376.950,21*35
$GNRMC,180511.00,V,,,,,,,200821,,,N*66
$PUBX,00,180511.00,3948.04788,N,10510.62820,W,1703.346,NF,6527596,4615707,0.000,290.12,0.000,,99.99,99.99,99.99,0,0,0*0A
$PUBX,04,180511.00,200821,497110.99,2171,18,-21721138,376.950,21*37
$GNRMC,180512.00,V,,,,,,,200821,,,N*65
$PUBX,00,180512.00,3948.04788,N,10510.62820,W,1703.346,NF,6527600,4615710,0.000,290.12,0.000,,99.99,99.99,99.99,0,0,0*03
$PUBX,04,180512.00,200821,497111.99,2171,18,-21720761,376.950,21*3E
$GNRMC,180513.00,V,,,,,,,200821,,,N*64
$PUBX,00,180513.00,3948.04788,N,10510.62820,W,1703.346,NF,6527603,4615712,0.000,290.12,0.000,,99.99,99.99,99.99,0,0,0*03
$PUBX,04,180513.00,200821,497112.99,2171,18,-21720384,376.950,21*33
$GNRMC,180514.00,V,,,,,,,200821,,,N*63
$PUBX,00,180514.00,3948.04788,N,10510.62820,W,1703.346,NF,6527606,4615715,0.000,290.12,0.000,,99.99,99.99,99.99,0,0,0*06
$PUBX,04,180514.00,200821,497113.99,2171,18,-21720007,376.950,21*3D
$GNRMC,180515.00,V,,,,,,,200821,,,N*62
$PUBX,00,180515.00,3948.04788,N,10510.62820,W,1703.346,NF,6527610,4615717,0.000,290.12,0.000,,99.99,99.99,99.99,0,0,0*02
$PUBX,04,180515.00,200821,497114.99,2171,18,-21719630,376.950,21*33
$GNRMC,180516.00,V,,,,,,,200821,,,N*61
$PUBX,00,180516.00,3948.04788,N,10510.62820,W,1703.346,NF,6527613,4615720,0.000,290.12,0.000,,99.99,99.99,99.99,0,0,0*06
$PUBX,04,180516.00,200821,497115.99,2171,18,-21719253,376.950,21*30
$GNRMC,180517.00,V,,,,,,,200821,,,N*60
$PUBX,00,180517.00,3948.04788,N,10510.62820,W,1703.346,NF,6527617,4615722,0.000,290.12,0.000,,99.99,99.99,99.99,0,0,0*01
$PUBX,04,180517.00,200821,497116.99,2171,18,-21718876,376.950,21*3E
$GNRMC,180518.00,V,,,,,,,200821,,,N*6F
$PUBX,00,180518.00,3948.04788,N,10510.62820,W,1703.346,NF,6527620,4615725,0.000,290.12,0.000,,99.99,99.99,99.99,0,0,0*0D
$PUBX,04,180518.00,200821,497117.99,2171,18,-21718499,376.950,21*3D
$GNRMC,180519.00,V,,,,,,,200821,,,N*6E
$PUBX,00,180519.00,3948.04788,N,10510.62820,W,1703.346,NF,6527624,4615727,0.000,290.12,0.000,,99.99,99.99,99.99,0,0,0*0A
$PUBX,04,180519.00,200821,497118.99,2171,18,-21718122,376.950,21*36
$GNRMC,180520.00,V,,,,,,,200821,,,N*64
$PUBX,00,180520.00,3948.04788,N,10510.62820,W,1703.346,NF,6527627,4615730,0.000,290.12,0.000,,99.99,99.99,99.99,0,0,0*05
$PUBX,04,180520.00,200821,497119.99,2171,18,-21717745,376.950,21*35
$GNRMC,180521.00,V,,,,,,,200821,,,N*65
$PUBX,00,180521.00,3948.04788,N,10510.62820,W,1703.346,NF,6527630,4615732,0.000,290.12,0.000,,99.99,99.99,99.99,0,0,0*00
$PUBX,04,180521.00,200821,497120.99,2171,18,-21717368,376.950,21*35
$GNRMC,180522.00,V,,,,,,,200821,,,N*66
$PUBX,00,180522.00,3948.04788,N,10510.62820,W,1703.346,NF,6527634,4615735,0.000,290.12,0.000,,99.99,99.99,99.99,0,0,0*00
$PUBX,04,180522.00,200821,497121.99,2171,18,-21716991,376.950,21*3A
$GNRMC,180523.00,V,,,,,,,200821,,,N*67
$PUBX,00,180523.00,3948.04788,N,10510.62820,W,1703.346,NF,6527637,4615737,0.000,290.12,0.000,,99.99,99.99,99.99,0,0,0*00
$PUBX,04,180523.00,200821,497122.99,2171,18,-21716614,376.950,21*3A
$GNRMC,180524.00,V,,,,,,,200821,,,N*60
$PUBX,00,180524.00,3948.04788,N,10510.62820,W,1703.346,NF,6527641,4615739,0.000,290.12,0.000,,99.99,99.99,99.99,0,0,0*08
$PUBX,04,180524.00,200821,497123.99,2171,18,-21716237,376.950,21*39
$GNRMC,180525.00,V,,,,,,,200821,,,N*61
$PUBX,00,180525.00,3948.04788,N,10510.62820,W,1703.346,NF,6527644,4615742,0.000,290.12,0.000,,99.99,99.99,99.99,0,0,0*00
$PUBX,04,180525.00,200821,497124.99,2171,18,-21715860,376.950,21*34
$GNRMC,180526.00,V,,,,,,,200821,,,N*62
$PUBX,00,180526.00,3948.04788,N,10510.62820,W,1703.346,NF,6527648,4615744,0.000,290.12,0.000,,99.99,99.99,99.99,0,0,0*09
$PUBX,04,180526.00,200821,497125.99,2171,18,-21715483,376.950,21*37
$GNRMC,180527.00,V,,,,,,,200821,,,N*63
$PUBX,00,180527.00,3948.04788,N,10510.62820,W,1703.346,NF,6527651,4615747,0.000,290.12,0.000,,99.99,99.99,99.99,0,0,0*03
$PUBX,04,180527.00,200821,497126.99,2171,18,-21715106,376.950,21*3D
$GNRMC,180528.00,V,,,,,,,200821,,,N*6C
$PUBX,00,180528.00,3948.04788,N,10510.62820,W,1703.346,NF,6527655,4615749,0.000,290.12,0.000,,99.99,99.99,99.99,0,0,0*06
$PUBX,04,180528.00,200821,497127.99,2171,18,-21714729,376.950,21*39
$GNRMC,180529.00,V,,,,,,,200821,,,N*6D
$PUBX,00,180529.00,3948.04788,N,10510.62820,W,1703.346,NF,6527658,4615752,0.000,290.12,0.000,,99.99,99.99,99.99,0,0,0*00
$PUBX,04,180529.00,200821,497128.99,2171,18,-21714353,376.950,21*3E
$GNRMC,180530.00,V,,,,,,,200821,,,N*65
$PUBX,00,180530.00,3948.04788,N,10510.62820,W,1703.346,NF,6527662,4615754,0.000,290.12,0.000,,99.99,99.99,99.99,0,0,0*07
$PUBX,04,180530.00,200821,497129.99,2171,18,-21713976,376.950,21*3D
$GNRMC,180531.00,V,,,,,,,200821,,,N*64
$PUBX,00,180531.00,3948.04788,N,10510.62820,W,1703.346,NF,6527665,4615756,0.000,290.12,0.000,,99.99,99.99,99.99,0,0,0*03
$PUBX,04,180531.00,200821,497130.99,2171,18,-21713599,376.950,21*39
$GNRMC,180532.00,V,,,,,,,200821,,,N*67
$PUBX,00,180532.00,3948.04788,N,10510.62820,W,1703.346,NF,6527669,4615759,0.000,290.12,0.000,,99.99,99.99,99.99,0,0,0*03
$PUBX,04,180532.00,200821,497131.99,2171,18,-21713222,376.950,21*3C
$GNRMC,180533.00,V,,,,,,,200821,,,N*66
$PUBX,00,180533.00,3948.04788,N,10510.62820,W,1703.346,NF,6527672,4615761,0.000,290.12,0.000,,99.99,99.99,99.99,0,0,0*03
$PUBX,04,180533.00,200821,497132.99,2171,18,-21712845,376.950,21*34
$GNRMC,180534.00,V,,,,,,,200821,,,N*61
$PUBX,00,180534.00,3948.04788,N,10510.62820,W,1703.346,NF,6527676,4615764,0.000,290.12,0.000,,99.99,99.99,99.99,0,0,0*05
$PUBX,04,180534.00,200821,497133.99,2171,18,-21712468,376.950,21*31
$GNRMC,180535.00,V,,,,,,,200821,,,N*60
$PUBX,00,180535.00,3948.04788,N,10510.62820,W,1703.346,NF,6527679,4615766,0.000,290.12,0.000,,99.99,99.99,99.99,0,0,0*09
$PUBX,04,180535.00,200821,497134.99,2171,18,-21712091,376.950,21*35
$GNRMC,180536.00,V,,,,,,,200821,,,N*63
$PUBX,00,180536.00,3948.04788,N,10510.62820,W,1703.346,NF,6527682,4615768,0.000,290.12,0.000,,99.99,99.99,99.99,0,0,0*00
$PUBX,04,180536.00,200821,497135.99,2171,18,-21711714,376.950,21*3E
$GNRMC,180537.00,V,,,,,,,200821,,,N*62
$PUBX,00,180537.00,3948.04788,N,10510.62820,W,1703.346,NF,6527686,4615771,0.000,290.12,0.000,,99.99,99.99,99.99,0,0,0*0D
$PUBX,04,180537.00,200821,497136.99,2171,18,-21711337,376.950,21*39
$GNRMC,180538.00,V,,,,,,,200821,,,N*6D
$PUBX,00,180538.00,3948.04788,N,10510.62820,W,1703.346,NF,6527689,4615773,0.000,290.12,0.000,,99.99,99.99,99.99,0,0,0*0F
$PUBX,04,180538.00,200821,497137.99,2171,18,-21710960,376.950,21*3E
$GNRMC,180539.00,V,,,,,,,200821,,,N*6C
$PUBX,00,180539.00,3948.04788,N,10510.62820,W,1703.346,NF,6527692,4615776,0.000,290.12,0.000,,99.99,99.99,99.99,0,0,0*01
$PUBX,04,180539.00,200821,497138.99,2171,18,-21710583,376.950,21*31
$GNRMC,180540.00,V,,,,,,,200821,,,N*62
$PUBX,00,180540.00,3948.04788,N,10510.62820,W,1703.346,NF,6527696,4615778,0.000,290.12,0.000,,99.99,99.99,99.99,0,0,0*05
$PUBX,04,180540.00,200821,497139.99,2171,18,-21710206,376.950,21*34
$GNRMC,180541.00,V,,,,,,,200821,,,N*63
$PUBX,00,180541.00,3948.04788,N,10510.62820,W,1703.346,NF,6527699,4615781,0.000,290.12,0.000,,99.99,99.99,99.99,0,0,0*0D
$PUBX,04,180541.00,200821,497140.99,2171,18,-21709829,376.950,21*34
$GNRMC,180542.00,V,,,,,,,200821,,,N*60
$PUBX,00,180542.00,3948.04788,N,10510.62820,W,1703.346,NF,6527703,4615783,0.000,290.12,0.000,,99.99,99.99,99.99,0,0,0*0E
$PUBX,04,180542.00,200821,497141.99,2171,18,-21709452,376.950,21*36
$GNRMC,180543.00,V,,,,,,,200821,,,N*61
$PUBX,00,180543.00,3948.04788,N,10510.62820,W,1703.346,NF,6527706,4615785,0.000,290.12,0.000,,99.99,99.99,99.99,0,0,0*0C
$PUBX,04,180543.00,200821,497142.99,2171,18,-21709075,376.950,21*35
$GNRMC,180544.00,V,,,,,,,200821,,,N*66
$PUBX,00,180544.00,3948.04788,N,10510.62820,W,1703.346,NF,6527710,4615788,0.000,290.12,0.000,,99.99,99.99,99.99,0,0,0*01
$PUBX,04,180544.00,200821,497143.99,2171,18,-21708698,376.950,21*37
$GNRMC,180545.00,V,,,,,,,200821,,,N*67
$PUBX,00,180545.00,3948.04788,N,10510.62820,W,1703.346,NF,6527713,4615790,0.000,290.12,0.000,,99.99,99.99,99.99,0,0,0*0A
$PUBX,04,180545.00,200821,497144.99,2171,18,-21708321,376.950,21*36
$GNRMC,180546.00,V,,,,,,,200821,,,N*64
$PUBX,00,180546.00,3948.04788,N,10510.62820,W,1703.346,NF,6527717,4615793,0.000,290.12,0.000,,99.99,99.99,99.99,0,0,0*0E
$PUBX,04,180546.00,200821,497145.99,2171,18,-21707944,376.950,21*32
$GNRMC,180547.00,V,,,,,,,200821,,,N*65
$PUBX,00,180547.00,3948.04788,N,10510.62820,W,1703.346,NF,6527720,4615795,0.000,290.12,0.000,,99.99,99.99,99.99,0,0,0*0D
$PUBX,04,180547.00,200821,497146.99,2171,18,-21707567,376.950,21*3D
$GNRMC,180548.00,V,,,,,,,200821,,,N*6A
$PUBX,00,180548.00,3948.04788,N,10510.62820,W,1703.346,NF,6527724,4615798,0.000,290.12,0.000,,99.99,99.99,99.99,0,0,0*0B
$PUBX,04,180548.00,200821,497147.99,2171,18,-21707190,376.950,21*3F
$GNRMC,180549.00,V,,,,,,,200821,,,N*6B
$PUBX,00,180549.00,3948.04788,N,10510.62820,W,1703.346,NF,6527727,4615800,0.000,290.12,0.000,,99.99,99.99,99.99,0,0,0*07
$PUBX,04,180549.00,200821,497148.99,2171,18,-21706814,376.950,21*35
$GNRMC,180550.00,V,,,,,,,200821,,,N*63
$PUBX,00,180550.00,3948.04788,N,10510.62820,W,1703.346,NF,6527731,4615803,0.000,290.12,0.000,,99.99,99.99,99.99,0,0,0*0B
$PUBX,04,180550.00,200821,497149.99,2171,18,-21706437,376.950,21*31
$GNRMC,180551.00,V,,,,,,,200821,,,N*62
$PUBX,00,180551.00,3948.04788,N,10510.62820,W,1703.346,NF,6527734,4615805,0.000,290.12,0.000,,99.99,99.99,99.99,0,0,0*09
$PUBX,04,180551.00,200821,497150.99,2171,18,-21706060,376.950,21*3E
$GNRMC,180552.00,V,,,,,,,200821,,,N*61
$PUBX,00,180552.00,3948.04788,N,10510.62820,W,1703.346,NF,6527738,4615808,0.000,290.12,0.000,,99.99,99.99,99.99,0,0,0*0B
$PUBX,04,180552.00,200821,497151.99,2171,18,-21705683,376.950,21*34
$GNRMC,180553.00,V,,,,,,,200821,,,N*60
$PUBX,00,180553.00,3948.04788,N,10510.62820,W,1703.346,NF,6527741,4615810,0.000,290.12,0.000,,99.99,99.99,99.99,0,0,0*0D
$PUBX,04,180553.00,200821,497152.99,2171,18,-21705306,376.950,21*3E
$GNRMC,180554.00,V,,,,,,,200821,,,N*67
$PUBX,00,180554.00,3948.04788,N,10510.62820,W,1703.346,NF,6527744,4615812,0.000,290.12,0.000,,99.99,99.99,99.99,0,0,0*0D
$PUBX,04,180554.00,200821,497153.99,2171,18,-21704929,376.950,21*3E
$GNRMC,180555.00,V,,,,,,,200821,,,N*66
$PUBX,00,180555.00,3948.04788,N,10510.62820,W,1703.346,NF,6527748,4615815,0.000,290.12,0.000,,99.99,99.99,99.99,0,0,0*07
$PUBX,04,180555.00,200821,497154.99,2171,18,-21704552,376.950,21*38
$GNRMC,180556.00,V,,,,,,,200821,,,N*65
$PUBX,00,180556.00,3948.04788,N,10510.62820,W,1703.346,NF,6527752,4615817,0.000,290.12,0.000,,99.99,99.99,99.99,0,0,0*0D
$PUBX,04,180556.00,200821,497155.99,2171,18,-21704175,376.950,21*3B
$GNRMC,180557.00,V,,,,,,,200821,,,N*64
$PUBX,00,180557.00,3948.04788,N,10510.62820,W,1703.346,NF,6527755,4615820,0.000,290.12,0.000,,99.99,99.99,99.99,0,0,0*0F
$PUBX,04,180557.00,200821,497156.99,2171,18,-21703798,376.950,21*3B
$GNRMC,180558.00,V,,,,,,,200821,,,N*6B
$PUBX,00,180558.00,3948.04788,N,10510.62820,W,1703.346,NF,6527759,4615822,0.000,290.12,0.000,,99.99,99.99,99.99,0,0,0*0E
$PUBX,04,180558.00,200821,497157.99,2171,18,-21703421,376.950,21*34
$GNRMC,180559.00,V,,,,,,,200821,,,N*6A
$PUBX,00,180559.00,3948.04788,N,10510.62820,W,1703.346,NF,6527762,4615825,0.000,290.12,0.000,,99.99,99.99,99.99,0,0,0*00
$PUBX,04,180559.00,200821,497158.99,2171,18,-21703044,376.950,21*3D
$GNRMC,180600.00,V,,,,,,,200821,,,N*65
$PUBX,00,180600.00,3948.04788,N,10510.62820,W,1703.346,NF,6527765,4615827,0.000,290.12,0.000,,99.99,99.99,99.99,0,0,0*0A
$PUBX,04,180600.00,200821,497159.99,2171,18,-21702667,376.950,21*35
$GNRMC,180601.00,V,,,,,,,200821,,,N*64
$PUBX,00,180601.00,3948.04788,N,10510.62820,W,1703.346,NF,6527769,4615830,0.000,290.12,0.000,,99.99,99.99,99.99,0,0,0*01
$PUBX,04,180601.00,200821,497160.99,2171,18,-21702290,376.950,21*32
$GNRMC,180602.00,V,,,,,,,200821,,,N*67
$PUBX,00,180602.00,3948.04788,N,10510.62820,W,1703.346,NF,6527772,4615832,0.000,290.12,0.000,,99.99,99.99,99.99,0,0,0*0A
$PUBX,04,180602.00,200821,497161.99,2171,18,-21701913,376.950,21*33
$GNRMC,180603.00,V,,,,,,,200821,,,N*66
$PUBX,00,180603.00,3948.04788,N,10510.62820,W,1703.346,NF,6527775,4615834,0.000,290.12,0.000,,99.99,99.99,99.99,0,0,0*0A
$PUBX,04,180603.00,200821,497162.99,2171,18,-21701536,376.950,21*3A
$GNRMC,180604.00,V,,,,,,,200821,,,N*61
$PUBX,00,180604.00,3948.04788,N,10510.62820,W,1703.346,NF,6527779,4615837,0.000,290.12,0.000,,99.99,99.99,99.99,0,0,0*02
$PUBX,04,180604.00,200821,497163.99,2171,18,-21701159,376.950,21*31
$GNRMC,180605.00,V,,,,,,,200821,,,N*60
$PUBX,00,180605.00,3948.04788,N,10510.62820,W,1703.346,NF,6527782,4615839,0.000,290.12,0.000,,99.99,99.99,99.99,0,0,0*09
$PUBX,04,180605.00,200821,497164.99,2171,18,-21700782,376.950,21*36
$GNRMC,180606.00,V,,,,,,,200821,,,N*63
$PUBX,00,180606.00,3948.04788,N,10510.62820,W,1703.346,NF,6527786,4615842,0.000,290.12,0.000,,99.99,99.99,99.99,0,0,0*02
$PUBX,04,180606.00,200821,497165.99,2171,18,-21700405,376.950,21*38
$GNRMC,180607.00,V,,,,,,,200821,,,N*62
$PUBX,00,180607.00,3948.04788,N,10510.62820,W,1703.346,NF,6527789,4615844,0.000,290.12,0.000,,99.99,99.99,99.99,0,0,0*0A
$PUBX,04,180607.00,200821,497166.99,2171,18,-21700028,376.950,21*31
$GNRMC,180608.00,V,,,,,,,200821,,,N*6D
$PUBX,00,180608.00,3948.04788,N,10510.62820,W,1703.346,NF,6527793,4615847,0.000,290.12,0.000,,99.99,99.99,99.99,0,0,0*0D
$PUBX,04,180608.00,200821,497167.99,2171,18,-21699651,376.950,21*36
$GNRMC,180609.00,V,,,,,,,200821,,,N*6C
$PUBX,00,180609.00,3948.04788,N,10510.62820,W,1703.346,NF,6527796,4615849,0.000,290.12,0.000,,99.99,99.99,99.99,0,0,0*07
$PUBX,04,180609.00,200821,497168.99,2171,18,-21699275,376.950,21*3A
$GNRMC,180610.00,V,,,,,,,200821,,,N*64
$PUBX,00,180610.00,3948.04788,N,10510.62820,W,1703.346,NF,6527800,4615852,0.000,290.12,0.000,,99.99,99.99,99.99,0,0,0*05
$PUBX,04,180610.00,200821,497169.99,2171,18,-21698898,376.950,21*3B
$GNRMC,180611.00,V,,,,,,,200821,,,N*65
$PUBX,00,180611.00,3948.04788,N,10510.62820,W,1703.346,NF,6527803,4615854,0.000,290.12,0.000,,99.99,99.99,99.99,0,0,0*01
$PUBX,04,180611.00,200821,497170.99,2171,18,-21698521,376.950,21*3D
$GNRMC,180612.00,V,,,,,,,200821,,,N*66
$PUBX,00,180612.00,3948.04788,N,10510.62820,W,1703.346,NF,6527806,4615856,0.000,290.12,0.000,,99.99,99.99,99.99,0,0,0*05
$PUBX,04,180612.00,200821,497171.99,2171,18,-21698144,376.950,21*38
$GNRMC,180613.00,V,,,,,,,200821,,,N*67
$PUBX,00,180613.00,3948.04788,N,10510.62820,W,1703.346,NF,6527810,4615859,0.000,290.12,0.000,,99.99,99.99,99.99,0,0,0*0C
$PUBX,04,180613.00,200821,497172.99,2171,18,-21697767,376.950,21*32
$GNRMC,180614.00,V,,,,,,,200821,,,N*60
$PUBX,00,180614.00,3948.04788,N,10510.62820,W,1703.346,NF,6527814,4615862,0.000,290.12,0.000,,99.99,99.99,99.99,0,0,0*07
$PUBX,04,180614.00,200821,497173.99,2171,18,-21697390,376.950,21*38
$GNRMC,180615.00,V,,,,,,,200821,,,N*61
$PUBX,00,180615.00,3948.04788,N,10510.62820,W,1703.346,NF,6527817,4615864,0.000,290.12,0.000,,99.99,99.99,99.99,0,0,0*03
$PUBX,04,180615.00,200821,497174.99,2171,18,-21697013,376.950,21*36
$GNRMC,180616.00,V,,,,,,,200821,,,N*62
$PUBX,00,180616.00,3948.04788,N,10510.62820,W,1703.346,NF,6527820,4615867,0.000,290.12,0.000,,99.99,99.99,99.99,0,0,0*07
$PUBX,04,180616.00,200821,497175.99,2171,18,-21696636,376.950,21*34
$GNRMC,180617.00,V,,,,,,,200821,,,N*63
$PUBX,00,180617.00,3948.04788,N,10510.62820,W,1703.346,NF,6527824,4615868,0.000,290.12,0.000,,99.99,99.99,99.99,0,0,0*0D
$PUBX,04,180617.00,200821,497176.99,2171,18,-21696259,376.950,21*3B
$GNRMC,180618.00,V,,,,,,,200821,,,N*6C
$PUBX,00,180618.00,3948.04788,N,10510.62820,W,1703.346,NF,6527827,4615871,0.000,290.12,0.000,,99.99,99.99,99.99,0,0,0*09
$PUBX,04,180618.00,200821,497177.99,2171,18,-21695882,376.950,21*3A
$GNRMC,180619.00,V,,,,,,,200821,,,N*6D
$PUBX,00,180619.00,3948.04788,N,10510.62820,W,1703.346,NF,6527831,4615874,0.000,290.12,0.000,,99.99,99.99,99.99,0,0,0*0A
$PUBX,04,180619.00,200821,497178.99,2171,18,-21695505,376.950,21*36
$GNRMC,180620.00,V,,,,,,,200821,,,N*67
$PUBX,00,180620.00,3948.04788,N,10510.62820,W,1703.346,NF,6527834,4615876,0.000,290.12,0.000,,99.99,99.99,99.99,0,0,0*07
$PUBX,04,180620.00,200821,497179.99,2171,18,-21695128,376.950,21*36
$GNRMC,180621.00,V,,,,,,,200821,,,N*66
$PUBX,00,180621.00,3948.04788,N,10510.62820,W,1703.346,NF,6527838,4615879,0.000,290.12,0.000,,99.99,99.99,99.99,0,0,0*05
$PUBX,04,180621.00,200821,497180.99,2171,18,-21694751,376.950,21*38
$GNRMC,180622.00,V,,,,,,,200821,,,N*65
$PUBX,00,180622.00,3948.04788,N,10510.62820,W,1703.346,NF,6527841,4615881,0.000,290.12,0.000,,99.99,99.99,99.99,0,0,0*0F
$PUBX,04,180622.00,200821,497181.99,2171,18,-21694374,376.950,21*39
$GNRMC,180623.00,V,,,,,,,200821,,,N*64
$PUBX,00,180623.00,3948.04788,N,10510.62820,W,1703.346,NF,6527845,4615883,0.000,290.12,0.000,,99.99,99.99,99.99,0,0,0*08
$PUBX,04,180623.00,200821,497182.99,2171,18,-21693997,376.950,21*3B
$GNRMC,180624.00,V,,,,,,,200821,,,N*63
$PUBX,00,180624.00,3948.04788,N,10510.62820,W,1703.346,NF,6527849,4615886,0.000,290.12,0.000,,99.99,99.99,99.99,0,0,0*06
$PUBX,04,180624.00,200821,497183.99,2171,18,-21693620,376.950,21*3E
$GNRMC,180625.00,V,,,,,,,200821,,,N*62
$PUBX,00,180625.00,3948.04788,N,10510.62820,W,1703.346,NF,6527852,4615888,0.000,290.12,0.000,,99.99,99.99,99.99,0,0,0*03
$PUBX,04,180625.00,200821,497184.99,2171,18,-21693243,376.950,21*39
$GNRMC,180626.00,V,,,,,,,200821,,,N*61
$PUBX,00,180626.00,3948.04788,N,10510.62820,W,1703.346,NF,6527855,4615891,0.000,290.12,0.000,,99.99,99.99,99.99,0,0,0*0F
$PUBX,04,180626.00,200821,497185.99,2171,18,-21692866,376.950,21*37
$GNRMC,180627.00,V,,,,,,,200821,,,N*60
$PUBX,00,180627.00,3948.04788,N,10510.62820,W,1703.346,NF,6527858,4615893,0.000,290.12,0.000,,99.99,99.99,99.99,0,0,0*01
$PUBX,04,180627.00,200821,497186.99,2171,18,-21692489,376.950,21*38
$GNRMC,180628.00,V,,,,,,,200821,,,N*6F
$PUBX,00,180628.00,3948.04788,N,10510.62820,W,1703.346,NF,6527862,4615896,0.000,290.12,0.000,,99.99,99.99,99.99,0,0,0*02
$PUBX,04,180628.00,200821,497187.99,2171,18,-21692112,376.950,21*31
$GNRMC,180629.00,V,,,,,,,200821,,,N*6E
$PUBX,00,180629.00,3948.04788,N,10510.62820,W,1703.346,NF,6527866,4615898,0.000,290.12,0.000,,99.99,99.99,99.99,0,0,0*09
$PUBX,04,180629.00,200821,497188.99,2171,18,-21691736,376.950,21*3C
$GNRMC,180630.00,V,,,,,,,200821,,,N*66
$PUBX,00,180630.00,3948.04788,N,10510.62820,W,1703.346,NF,6527869,4615901,0.000,290.12,0.000,,99.99,99.99,99.99,0,0,0*0F
$PUBX,04,180630.00,200821,497189.99,2171,18,-21691359,376.950,21*38
$GNRMC,180631.00,V,,,,,,,200821,,,N*67
$PUBX,00,180631.00,3948.04788,N,10510.62820,W,1703.346,NF,6527872,4615903,0.000,290.12,0.000,,99.99,99.99,99.99,0,0,0*06
$PUBX,04,180631.00,200821,497190.99,2171,18,-21690982,376.950,21*3C
$GNRMC,180632.00,V,,,,,,,200821,,,N*64
$PUBX,00,180632.00,3948.04788,N,10510.62820,W,1703.346,NF,6527876,4615905,0.000,290.12,0.000,,99.99,99.99,99.99,0,0,0*07
$PUBX,04,180632.00,200821,497191.99,2171,18,-21690605,376.950,21*3E
$GNRMC,180633.00,V,,,,,,,200821,,,N*65
$PUBX,00,180633.00,3948.04788,N,10510.62820,W,1703.346,NF,6527879,4615908,0.000,290.12,0.000,,99.99,99.99,99.99,0,0,0*04
$PUBX,04,180633.00,200821,497192.99,2171,18,-21690228,376.950,21*37
$GNRMC,180634.00,V,,,,,,,200821,,,N*62
$PUBX,00,180634.00,3948.04788,N,10510.62820,W,1703.346,NF,6527883,4615910,0.000,290.12,0.000,,99.99,99.99,99.99,0,0,0*0F
$PUBX,04,180634.00,200821,497193.99,2171,18,-21689851,376.950,21*3D
$GNRMC,180635.00,V,,,,,,,200821,,,N*63
$PUBX,00,180635.00,3948.04788,N,10510.62820,W,1703.346,NF,6527886,4615913,0.000,290.12,0.000,,99.99,99.99,99.99,0,0,0*08
$PUBX,04,180635.00,200821,497194.99,2171,18,-21689474,376.950,21*30
$GNRMC,180636.00,V,,,,,,,200821,,,N*60
$PUBX,00,180636.00,3948.04788,N,10510.62820,W,1703.346,NF,6527890,4615915,0.000,290.12,0.000,,99.99,99.99,99.99,0,0,0*0A
$PUBX,04,180636.00,200821,497195.99,2171,18,-21689097,376.950,21*3B
$GNRMC,180637.00,V,,,,,,,200821,,,N*61
$PUBX,00,180637.00,3948.04788,N,10510.62820,W,1703.346,NF,6527893,4615918,0.000,290.12,0.000,,99.99,99.99,99.99,0,0,0*05
$PUBX,04,180637.00,200821,497196.99,2171,18,-21688720,376.950,21*33
$GNRMC,180638.00,V,,,,,,,200821,,,N*6E
$PUBX,00,180638.00,3948.04788,N,10510.62820,W,1703.346,NF,6527897,4615920,0.000,290.12,0.000,,99.99,99.99,99.99,0,0,0*05
$PUBX,04,180638.00,200821,497197.99,2171,18,-21688343,376.950,21*3C
$GNRMC,180639.00,V,,,,,,,200821,,,N*6F
$PUBX,00,180639.00,3948.04788,N,10510.62820,W,1703.346,NF,6527900,4615922,0.000,290.12,0.000,,99.99,99.99,99.99,0,0,0*09
$PUBX,04,180639.00,200821,497198.99,2171,18,-21687966,376.950,21*30
$GNRMC,180640.00,V,,,,,,,200821,,,N*61
$PUBX,00,180640.00,3948.04788,N,10510.62820,W,1703.346,NF,6527904,4615925,0.000,290.12,0.000,,99.99,99.99,99.99,0,0,0*04
$PUBX,04,180640.00,200821,497199.99,2171,18,-21687589,376.950,21*32
$GNRMC,180641.00,V,,,,,,,200821,,,N*60
$PUBX,00,180641.00,3948.04788,N,10510.62820,W,1703.346,NF,6527907,4615927,0.000,290.12,0.000,,99.99,99.99,99.99,0,0,0*04
$PUBX,04,180641.00,200821,497200.99,2171,18,-21687212,376.950,21*35
$GNRMC,180642.00,V,,,,,,,200821,,,N*63
$PUBX,00,180642.00,3948.04788,N,10510.62820,W,1703.346,NF,6527910,4615930,0.000,290.12,0.000,,99.99,99.99,99.99,0,0,0*07
$PUBX,04,180642.00,200821,497201.99,2171,18,-21686835,376.950,21*39
$GNRMC,180643.00,V,,,,,,,200821,,,N*62
$PUBX,00,180643.00,3948.04788,N,10510.62820,W,1703.346,NF,6527914,4615932,0.000,290.12,0.000,,99.99,99.99,99.99,0,0,0*00
$PUBX,04,180643.00,200821,497202.99,2171,18,-21686458,376.950,21*3C
$GNRMC,180644.00,V,,,,,,,200821,,,N*65
$PUBX,00,180644.00,3948.04788,N,10510.62820,W,1703.346,NF,6527918,4615935,0.000,290.12,0.000,,99.99,99.99,99.99,0,0,0*0C
$PUBX,04,180644.00,200821,497203.99,2171,18,-21686081,376.950,21*3A
$GNRMC,180645.00,V,,,,,,,200821,,,N*64
$PUBX,00,180645.00,3948.04788,N,10510.62820,W,1703.346,NF,6527921,4615937,0.000,290.12,0.000,,99.99,99.99,99.99,0,0,0*05
$PUBX,04,180645.00,200821,497204.99,2171,18,-21685704,376.950,21*35
$GNRMC,180646.00,V,,,,,,,200821,,,N*67
$PUBX,00,180646.00,3948.04788,N,10510.62820,W,1703.346,NF,6527925,4615940,0.000,290.12,0.000,,99.99,99.99,99.99,0,0,0*02
$PUBX,04,180646.00,200821,497205.99,2171,18,-21685327,376.950,21*32
$GNRMC,180647.00,V,,,,,,,200821,,,N*66
$PUBX,00,180647.00,3948.04788,N,10510.62820,W,1703.346,NF,6527928,4615942,0.000,290.12,0.000,,99.99,99.99,99.99,0,0,0*0C
$PUBX,04,180647.00,200821,497206.99,2171,18,-21684950,376.950,21*3B
$GNRMC,180648.00,V,,,,,,,200821,,,N*69
$PUBX,00,180648.00,3948.04788,N,10510.62820,W,1703.346,NF,6527931,4615944,0.000,290.12,0.000,,99.99,99.99,99.99,0,0,0*0D
$PUBX,04,180648.00,200821,497207.99,2171,18,-21684573,376.950,21*38
$GNRMC,180649.00,V,,,,,,,200821,,,N*68
$PUBX,00,180649.00,3948.04788,N,10510.62820,W,1703.346,NF,6527935,4615947,0.000,290.12,0.000,,99.99,99.99,99.99,0,0,0*0B
$PUBX,04,180649.00,200821,497208.99,2171,18,-21684197,376.950,21*38
$GNRMC,180650.00,V,,,,,,,200821,,,N*60
$PUBX,00,180650.00,3948.04788,N,10510.62820,W,1703.346,NF,6527938,4615950,0.000,290.12,0.000,,99.99,99.99,99.99,0,0,0*08
$PUBX,04,180650.00,200821,497209.99,2171,18,-21683820,376.950,21*33
$GNRMC,180651.00,V,,,,,,,200821,,,N*61
$PUBX,00,180651.00,3948.04788,N,10510.62820,W,1703.346,NF,6527942,4615952,0.000,290.12,0.000,,99.99,99.99,99.99,0,0,0*06
$PUBX,04,180651.00,200821,497210.99,2171,18,-21683443,376.950,21*33
$GNRMC,180652.00,V,,,,,,,200821,,,N*62
$PUBX,00,180652.00,3948.04788,N,10510.62820,W,1703.346,NF,6527945,4615954,0.000,290.12,0.000,,99.99,99.99,99.99,0,0,0*04
$PUBX,04,180652.00,200821,497211.99,2171,18,-21683066,376.950,21*32
$GNRMC,180653.00,V,,,,,,,200821,,,N*63
$PUBX,00,180653.00,3948.04788,N,10510.62820,W,1703.346,NF,6527949,4615957,0.000,290.12,0.000,,99.99,99.99,99.99,0,0,0*0A
$PUBX,04,180653.00,200821,497212.99,2171,18,-21682689,376.950,21*36
$GNRMC,180654.00,V,,,,,,,200821,,,N*64
$PUBX,00,180654.00,3948.04788,N,10510.62820,W,1703.346,NF,6527952,4615959,0.000,290.12,0.000,,99.99,99.99,99.99,0,0,0*09
$PUBX,04,180654.00,200821,497213.99,2171,18,-21682312,376.950,21*37
$GNRMC,180655.00,V,,,,,,,200821,,,N*65
$PUBX,00,180655.00,3948.04788,N,10510.62820,W,1703.346,NF,6527956,4615961,0.000,290.12,0.000,,99.99,99.99,99.99,0,0,0*07
$PUBX,04,180655.00,200821,497214.99,2171,18,-21681935,376.950,21*3D
$GNRMC,180656.00,V,,,,,,,200821,,,N*66
$PUBX,00,180656.00,3948.04788,N,10510.62820,W,1703.346,NF,6527959,4615964,0.000,290.12,0.000,,99.99,99.99,99.99,0,0,0*0E
$PUBX,04,180656.00,200821,497215.99,2171,18,-21681558,376.950,21*38
$GNRMC,180657.00,V,,,,,,,200821,,,N*67
$PUBX,00,180657.00,3948.04788,N,10510.62820,W,1703.346,NF,6527962,4615967,0.000,290.12,0.000,,99.99,99.99,99.99,0,0,0*04
$PUBX,04,180657.00,200821,497216.99,2171,18,-21681181,376.950,21*3A
$GNRMC,180658.00,V,,,,,,,200821,,,N*68
$PUBX,00,180658.00,3948.04788,N,10510.62820,W,1703.346,NF,6527966,4615969,0.000,290.12,0.000,,99.99,99.99,99.99,0,0,0*01
$PUBX,04,180658.00,200821,497217.99,2171,18,-21680804,376.950,21*31
$GNRMC,180659.00,V,,,,,,,200821,,,N*69
$PUBX,00,180659.00,3948.04788,N,10510.62820,W,1703.346,NF,6527969,4615971,0.000,290.12,0.000,,99.99,99.99,99.99,0,0,0*06
$PUBX,04,180659.00,200821,497218.99,2171,18,-21680427,376.950,21*32
$GNRMC,180700.00,V,,,,,,,200821,,,N*64
$PUBX,00,180700.00,3948.04788,N,10510.62820,W,1703.346,NF,6527973,4615974,0.000,290.12,0.000,,99.99,99.99,99.99,0,0,0*05
$PUBX,04,180700.00,200821,497219.99,2171,18,-21680050,376.950,21*3A
$GNRMC,180701.00,V,,,,,,,200821,,,N*65
$PUBX,00,180701.00,3948.04788,N,10510.62820,W,1703.346,NF,6527977,4615976,0.000,290.12,0.000,,99.99,99.99,99.99,0,0,0*02
$PUBX,04,180701.00,200821,497220.99,2171,18,-21679673,376.950,21*30
$GNRMC,180702.00,V,,,,,,,200821,,,N*66
$PUBX,00,180702.00,3948.04788,N,10510.62820,W,1703.346,NF,6527980,4615979,0.000,290.12,0.000,,99.99,99.99,99.99,0,0,0*06
$PUBX,04,180702.00,200821,497221.99,2171,18,-21679296,376.950,21*3D
$GNRMC,180703.00,V,,,,,,,200821,,,N*67
$PUBX,00,180703.00,3948.04788,N,10510.62820,W,1703.346,NF,6527983,4615981,0.000,290.12,0.000,,99.99,99.99,99.99,0,0,0*03
$PUBX,04,180703.00,200821,497222.99,2171,18,-21678919,376.950,21*32
$GNRMC,180704.00,V,,,,,,,200821,,,N*60
$PUBX,00,180704.00,3948.04788,N,10510.62820,W,1703.346,NF,6527987,4615984,0.000,290.12,0.000,,99.99,99.99,99.99,0,0,0*05
$PUBX,04,180704.00,200821,497223.99,2171,18,-21678542,376.950,21*36
$GNRMC,180705.00,V,,,,,,,200821,,,N*61
$PUBX,00,180705.00,3948.04788,N,10510.62820,W,1703.346,NF,6527991,4615986,0.000,290.12,0.000,,99.99,99.99,99.99,0,0,0*01
$PUBX,04,180705.00,200821,497224.99,2171,18,-21678165,376.950,21*31
$GNRMC,180706.00,V,,,,,,,200821,,,N*62
$PUBX,00,180706.00,3948.04788,N,10510.62820,W,1703.346,NF,6527994,4615989,0.000,290.12,0.000,,99.99,99.99,99.99,0,0,0*08
$PUBX,04,180706.00,200821,497225.99,2171,18,-21677788,376.950,21*39
$GNRMC,180707.00,V,,,,,,,200821,,,N*63
$PUBX,00,180707.00,3948.04788,N,10510.62820,W,1703.346,NF,6527997,4615991,0.000,290.12,0.000,,99.99,99.99,99.99,0,0,0*03
$PUBX,04,180707.00,200821,497226.99,2171,18,-21677411,376.950,21*38
$GNRMC,180708.00,V,,,,,,,200821,,,N*6C
$PUBX,00,180708.00,3948.04788,N,10510.62820,W,1703.346,NF,6528000,4615993,0.000,290.12,0.000,,99.99,99.99,99.99,0,0,0*06
$PUBX,04,180708.00,200821,497227.99,2171,18,-21677034,376.950,21*35
$GNRMC,180709.00,V,,,,,,,200821,,,N*6D
$PUBX,00,180709.00,3948.04788,N,10510.62820,W,1703.346,NF,6528004,4615996,0.000,290.12,0.000,,99.99,99.99,99.99,0,0,0*06
$PUBX,04,180709.00,200821,497228.99,2171,18,-21676658,376.950,21*36
$GNRMC,180710.00,V,,,,,,,200821,,,N*65
$PUBX,00,180710.00,3948.04788,N,10510.62820,W,1703.346,NF,6528008,4615998,0.000,290.12,0.000,,99.99,99.99,99.99,0,0,0*0C
$PUBX,04,180710.00,200821,497229.99,2171,18,-21676281,376.950,21*3F
$GNRMC,180711.00,V,,,,,,,200821,,,N*64
$PUBX,00,180711.00,3948.04788,N,10510.62820,W,1703.346,NF,6528011,4616001,0.000,290.12,0.000,,99.99,99.99,99.99,0,0,0*0F
$PUBX,04,180711.00,200821,497230.99,2171,18,-21675904,376.950,21*33
$GNRMC,180712.00,V,,,,,,,200821,,,N*67
$PUBX,00,180712.00,3948.04788,N,10510.62820,W,1703.346,NF,6528014,4616003,0.000,290.12,0.000,,99.99,99.99,99.99,0,0,0*0B
$PUBX,04,180712.00,200821,497231.99,2171,18,-21675527,376.950,21*3C
$GNRMC,180713.00,V,,,,,,,200821,,,N*66
$PUBX,00,180713.00,3948.04788,N,10510.62820,W,1703.346,NF,6528018,4616006,0.000,290.12,0.000,,99.99,99.99,99.99,0,0,0*03
$PUBX,04,180713.00,200821,497232.99,2171,18,-21675150,376.950,21*3A
$GNRMC,180714.00,V,,,,,,,200821,,,N*61
$PUBX,00,180714.00,3948.04788,N,10510.62820,W,1703.346,NF,6528021,4616008,0.000,290.12,0.000,,99.99,99.99,99.99,0,0,0*00
$PUBX,04,180714.00,200821,497233.99,2171,18,-21674773,376.950,21*3A
$GNRMC,180715.00,V,,,,,,,200821,,,N*60
$PUBX,00,180715.00,3948.04788,N,10510.62820,W,1703.346,NF,6528025,4616011,0.000,290.12,0.000,,99.99,99.99,99.99,0,0,0*0D
$PUBX,04,180715.00,200821,497234.99,2171,18,-21674396,376.950,21*33
$GNRMC,180716.00,V,,,,,,,200821,,,N*63
$PUBX,00,180716.00,3948.04788,N,10510.62820,W,1703.346,NF,6528028,4616013,0.000,290.12,0.000,,99.99,99.99,99.99,0,0,0*01
$PUBX,04,180716.00,200821,497235.99,2171,18,-21674019,376.950,21*35
$GNRMC,180717.00,V,,,,,,,200821,,,N*62
$PUBX,00,180717.00,3948.04788,N,10510.62820,W,1703.346,NF,6528032,4616016,0.000,290.12,0.000,,99.99,99.99,99.99,0,0,0*0E
$PUBX,04,180717.00,200821,497236.99,2171,18,-21673642,376.950,21*38
$GNRMC,180718.00,V,,,,,,,200821,,,N*6D
$PUBX,00,180718.00,3948.04788,N,10510.62820,W,1703.346,NF,6528035,4616018,0.000,290.12,0.000,,99.99,99.99,99.99,0,0,0*08
$PUBX,04,180718.00,200821,497237.99,2171,18,-21673265,376.950,21*37
$GNRMC,180719.00,V,,,,,,,200821,,,N*6C
$PUBX,00,180719.00,3948.04788,N,10510.62820,W,1703.346,NF,6528039,4616021,0.000,290.12,0.000,,99.99,99.99,99.99,0,0,0*0F
$PUBX,04,180719.00,200821,497238.99,2171,18,-21672888,376.950,21*31
$GNRMC,180720.00,V,,,,,,,200821,,,N*66
$PUBX,00,180720.00,3948.04788,N,10510.62820,W,1703.346,NF,6528042,4616023,0.000,290.12,0.000,,99.99,99.99,99.99,0,0,0*0B
$PUBX,04,180720.00,200821,497239.99,2171,18,-21672511,376.950,21*37
$GNRMC,180721.00,V,,,,,,,200821,,,N*67
$PUBX,00,180721.00,3948.04788,N,10510.62820,W,1703.346,NF,6528046,4616026,0.000,290.12,0.000,,99.99,99.99,99.99,0,0,0*0B
$PUBX,04,180721.00,200821,497240.99,2171,18,-21672134,376.950,21*3B
$GNRMC,180722.00,V,,,,,,,200821,,,N*64
$PUBX,00,180722.00,3948.04788,N,10510.62820,W,1703.346,NF,6528049,4616028,0.000,290.12,0.000,,99.99,99.99,99.99,0,0,0*09
$PUBX,04,180722.00,200821,497241.99,2171,18,-21671757,376.950,21*39
$GNRMC,180723.00,V,,,,,,,200821,,,N*65
$PUBX,00,180723.00,3948.04788,N,10510.62820,W,1703.346,NF,6528053,4616031,0.000,290.12,0.000,,99.99,99.99,99.99,0,0,0*0B
$PUBX,04,180723.00,200821,497242.99,2171,18,-21671380,376.950,21*35
$GNRMC,180724.00,V,,,,,,,200821,,,N*62
$PUBX,00,180724.00,3948.04788,N,10510.62820,W,1703.346,NF,6528056,4616033,0.000,290.12,0.000,,99.99,99.99,99.99,0,0,0*0B
$PUBX,04,180724.00,200821,497243.99,2171,18,-21671003,376.950,21*3B
$GNRMC,180725.00,V,,,,,,,200821,,,N*63
$PUBX,00,180725.00,3948.04788,N,10510.62820,W,1703.346,NF,6528060,4616035,0.000,290.12,0.000,,99.99,99.99,99.99,0,0,0*09
$PUBX,04,180725.00,200821,497244.99,2171,18,-21670626,376.950,21*3D
$GNRMC,180726.00,V,,,,,,,200821,,,N*60
$PUBX,00,180726.00,3948.04788,N,10510.62820,W,1703.346,NF,6528063,4616038,0.000,290.12,0.000,,99.99,99.99,99.99,0,0,0*04
$PUBX,04,180726.00,200821,497245.99,2171,18,-21670249,376.950,21*32
$GNRMC,180727.00,V,,,,,,,200821,,,N*61
$PUBX,00,180727.00,3948.04788,N,10510.62820,W,1703.346,NF,6528066,4616040,0.000,290.12,0.000,,99.99,99.99,99.99,0,0,0*0F
$PUBX,04,180727.00,200821,497246.99,2171,18,-21669872,376.950,21*3A
$GNRMC,180728.00,V,,,,,,,200821,,,N*6E
$PUBX,00,180728.00,3948.04788,N,10510.62820,W,1703.346,NF,6528070,4616043,0.000,290.12,0.000,,99.99,99.99,99.99,0,0,0*04
$PUBX,04,180728.00,200821,497247.99,2171,18,-21669496,376.950,21*32
$GNRMC,180729.00,V,,,,,,,200821,,,N*6F
$PUBX,00,180729.00,3948.04788,N,10510.62820,W,1703.346,NF,6528073,4616045,0.000,290.12,0.000,,99.99,99.99,99.99,0,0,0*00
$PUBX,04,180729.00,200821,497248.99,2171,18,-21669119,376.950,21*3E
$GNRMC,180730.00,V,,,,,,,200821,,,N*67
$PUBX,00,180730.00,3948.04788,N,10510.62820,W,1703.346,NF,6528077,4616048,0.000,290.12,0.000,,99.99,99.99,99.99,0,0,0*01
$PUBX,04,180730.00,200821,497249.99,2171,18,-21668742,376.950,21*3E
