MON-VER - 0A 04 FA 00 45 58 54 20 54 49 4D 20 33 2E 30 31 20 28 65 66 61 32 62 37 29 00 00 00 00 00 00 00 00 00 30 30 30 41 30 30 30 30 00 00 52 4F 4D 20 42 41 53 45 20 30 78 36 43 31 43 33 37 42 30 00 00 00 00 00 00 00 00 00 00 00 46 57 56 45 52 3D 54 49 4D 20 33 2E 30 31 00 00 00 00 00 00 00 00 00 00 00 00 00 00 00 00 50 52 4F 54 56 45 52 3D 34 32 2E 30 31 00 00 00 00 00 00 00 00 00 00 00 00 00 00 00 00 00 4D 4F 44 3D 4E 45 4F 2D 46 31 30 54 00 00 00 00 00 00 00 00 00 00 00 00 00 00 00 00 00 00 47 50 53 3B 47 4C 4F 3B 47 41 4C 3B 42 44 53 00 00 00 00 00 00 00 00 00 00 00 00 00 00 00 53 42 41 53 3B 51 5A 53 53 00 00 00 00 00 00 00 00 00 00 00 00 00 00 00 00 00 00 00 00 00 4E 41 56 49 43 00 00 00 00 00 00 00 00 00 00 00 00 00 00 00 00 00 00 00 00 00 00 00 00 00
CFG-MSG - 06 01 08 00 0A 36 00 00 00 00 00 00
CFG-MSG - 06 01 08 00 0A 0B 00 00 00 00 00 00
CFG-MSG - 06 01 08 00 0A 37 00 00 00 00 00 00
CFG-MSG - 06 01 08 00 0A 09 00 00 00 00 00 00
CFG-MSG - 06 01 08 00 0A 02 00 00 00 00 00 00
CFG-MSG - 06 01 08 00 0A 06 00 00 00 00 00 00
CFG-MSG - 06 01 08 00 0A 2B 00 00 00 00 00 00
CFG-MSG - 06 01 08 00 0A 38 00 00 00 00 00 00
CFG-MSG - 06 01 08 00 0A 07 00 00 00 00 00 00
CFG-MSG - 06 01 08 00 0A 21 00 00 00 00 00 00
CFG-MSG - 06 01 08 00 0A 31 00 00 00 00 00 00
CFG-MSG - 06 01 08 00 0A 08 00 00 00 00 00 00
CFG-MSG - 06 01 08 00 01 22 00 00 00 00 00 00
CFG-MSG - 06 01 08 00 01 36 00 00 00 00 00 00
CFG-MSG - 06 01 08 00 01 04 00 00 00 00 00 00
CFG-MSG - 06 01 08 00 01 61 00 00 00 00 00 00
CFG-MSG - 06 01 08 00 01 34 00 00 00 00 00 00
CFG-MSG - 06 01 08 00 01 01 00 00 00 00 00 00
CFG-MSG - 06 01 08 00 01 02 00 00 00 00 00 00
CFG-MSG - 06 01 08 00 01 07 00 00 00 00 00 00
CFG-MSG - 06 01 08 00 01 35 00 00 00 00 00 00
CFG-MSG - 06 01 08 00 01 32 00 00 00 00 00 00
CFG-MSG - 06 01 08 00 01 43 00 00 00 00 00 00
CFG-MSG - 06 01 08 00 01 03 00 00 00 00 00 00
CFG-MSG - 06 01 08 00 01 24 00 00 00 00 00 00
CFG-MSG - 06 01 08 00 01 25 00 00 00 00 00 00
CFG-MSG - 06 01 08 00 01 23 00 00 00 00 00 00
CFG-MSG - 06 01 08 00 01 20 00 00 00 00 00 00
CFG-MSG - 06 01 08 00 01 26 00 00 00 00 00 00
CFG-MSG - 06 01 08 00 01 27 00 00 00 00 00 00
CFG-MSG - 06 01 08 00 01 21 00 00 00 00 00 00
CFG-MSG - 06 01 08 00 01 11 00 00 00 00 00 00
CFG-MSG - 06 01 08 00 01 12 00 00 00 00 00 00
CFG-MSG - 06 01 08 00 02 14 00 00 00 00 00 00
CFG-MSG - 06 01 08 00 02 15 00 00 00 00 00 00
CFG-MSG - 06 01 08 00 02 59 00 00 00 00 00 00
CFG-MSG - 06 01 08 00 02 23 00 00 00 00 00 00
CFG-MSG - 06 01 08 00 02 13 00 00 00 00 00 00
CFG-MSG - 06 01 08 00 27 04 00 00 00 00 00 00
CFG-MSG - 06 01 08 00 0D 04 00 00 00 00 00 00
CFG-MSG - 06 01 08 00 0D 03 00 00 00 00 00 00
CFG-MSG - 06 01 08 00 0D 01 00 00 00 00 00 00
CFG-MSG - 06 01 08 00 0D 06 00 00 00 00 00 00
CFG-MSG - 06 01 08 00 F0 00 01 01 00 00 01 00
CFG-MSG - 06 01 08 00 F0 01 01 01 00 00 01 00
CFG-MSG - 06 01 08 00 F0 02 01 01 00 00 01 00
CFG-MSG - 06 01 08 00 F0 03 01 01 00 00 01 00
CFG-MSG - 06 01 08 00 F0 04 01 01 00 00 01 00
CFG-MSG - 06 01 08 00 F0 05 01 01 00 00 01 00
CFG-MSG - 06 01 08 00 F0 06 00 00 00 00 00 00
CFG-MSG - 06 01 08 00 F0 07 00 00 00 00 00 00
CFG-MSG - 06 01 08 00 F0 08 01 01 00 00 01 00
CFG-MSG - 06 01 08 00 F0 09 00 00 00 00 00 00
CFG-MSG - 06 01 08 00 F0 0A 00 00 00 00 00 00
CFG-MSG - 06 01 08 00 F0 0D 00 00 00 00 00 00
CFG-MSG - 06 01 08 00 F1 00 00 00 00 00 00 00
CFG-MSG - 06 01 08 00 F1 03 00 00 00 00 00 00
CFG-MSG - 06 01 08 00 F1 04 00 00 00 00 00 00
CFG-PRT - 06 00 14 00 00 00 00 00 84 00 00 00 00 00 00 00 03 00 03 00 00 00 00 00
CFG-PRT - 06 00 14 00 01 00 00 00 C0 08 00 00 00 96 00 00 03 00 03 00 00 00 00 00
CFG-PRT - 06 00 14 00 04 00 00 00 00 32 00 00 00 00 00 00 03 00 03 00 00 00 00 00
